0 3.53017e+07
23 3.53017e+07
46 3.53017e+07
69 3.53017e+07
92 3.53017e+07
115 3.53018e+07
138 3.53018e+07
161 3.53018e+07
184 3.53018e+07
207 3.53018e+07
230 3.53018e+07
253 3.53018e+07
276 3.53018e+07
299 3.53018e+07
322 3.53018e+07
345 3.53018e+07
368 3.53018e+07
391 3.53018e+07
414 3.53018e+07
437 3.53019e+07
460 3.53019e+07
483 3.53019e+07
506 3.53019e+07
529 3.53019e+07
552 3.53019e+07
575 3.53019e+07
598 3.53019e+07
621 3.53019e+07
644 3.53019e+07
667 3.53019e+07
690 3.53019e+07
713 3.53019e+07
736 3.53019e+07
759 3.53019e+07
782 3.53019e+07
805 3.53019e+07
828 3.53019e+07
851 3.53019e+07
874 3.53019e+07
897 3.53019e+07
920 3.53019e+07
943 3.5302e+07
966 3.5302e+07
989 3.5302e+07
1012 3.5302e+07
1035 3.5302e+07
1058 3.5302e+07
1081 3.5302e+07
1104 3.5302e+07
1127 3.5302e+07
1150 3.5302e+07
1173 3.5302e+07
1196 3.5302e+07
1219 3.5302e+07
1242 3.5302e+07
1265 3.5302e+07
1288 3.5302e+07
1311 3.5302e+07
1334 3.5302e+07
1357 3.5302e+07
1380 3.53021e+07
1403 3.53021e+07
1426 3.53021e+07
1449 3.53021e+07
1472 3.53021e+07
1495 3.53021e+07
1518 3.53021e+07
1541 3.5302e+07
1564 3.5302e+07
1587 3.53021e+07
1610 3.53021e+07
1633 3.53021e+07
1656 3.53021e+07
1679 3.53021e+07
1702 3.53021e+07
1725 3.53021e+07
1748 3.53021e+07
1771 3.53021e+07
1794 3.53021e+07
1817 3.53021e+07
1840 3.53021e+07
1863 3.53021e+07
1886 3.53021e+07
1909 3.53021e+07
1932 3.53021e+07
1955 3.53021e+07
1978 3.53021e+07
2001 3.53021e+07
2024 3.53021e+07
2047 3.53021e+07
2070 3.53022e+07
2093 3.53022e+07
2116 3.53022e+07
2139 3.53022e+07
2162 3.53022e+07
2185 3.53022e+07
2208 3.53022e+07
2231 3.53022e+07
2254 3.53022e+07
2277 3.53022e+07
2300 3.53022e+07
2323 3.53022e+07
2346 3.53022e+07
2369 3.53022e+07
2392 3.53022e+07
2415 3.53022e+07
2438 3.53022e+07
2461 3.53022e+07
2484 3.53022e+07
2507 3.53022e+07
2530 3.53022e+07
2553 3.53022e+07
2576 3.53022e+07
2599 3.53022e+07
2622 3.53022e+07
2645 3.53022e+07
2668 3.53022e+07
2691 3.53022e+07
2714 3.53022e+07
2737 3.53022e+07
2760 3.53022e+07
2783 3.53022e+07
2806 3.53022e+07
2829 3.53022e+07
2852 3.53022e+07
2875 3.53022e+07
2898 3.53022e+07
2921 3.53022e+07
2944 3.53022e+07
2967 3.53022e+07
2990 3.53022e+07
3013 3.53021e+07
3036 3.53022e+07
3059 3.53022e+07
3082 3.5302e+07
3105 3.53021e+07
3128 3.53023e+07
3151 3.5302e+07
3174 3.53019e+07
3197 3.53022e+07
3220 3.53021e+07
3243 3.53016e+07
3266 3.53018e+07
3289 3.53022e+07
3312 3.53016e+07
3335 3.53012e+07
3358 3.53021e+07
3381 3.53017e+07
3404 3.53004e+07
3427 3.5301e+07
3450 3.53021e+07
3473 3.53004e+07
3496 3.52993e+07
3519 3.53017e+07
3542 3.53008e+07
3565 3.52975e+07
3588 3.52983e+07
3611 3.53014e+07
3634 3.52974e+07
3657 3.5295e+07
3680 3.52995e+07
3703 3.52963e+07
3726 3.52882e+07
3749 3.52893e+07
3772 3.52971e+07
3795 3.52881e+07
3818 3.52858e+07
3841 3.52907e+07
3864 3.52768e+07
3887 3.52582e+07
3910 3.52611e+07
3933 3.52769e+07
3956 3.52509e+07
3979 3.52271e+07
4002 3.52432e+07
4025 3.52204e+07
4048 3.51968e+07
4071 3.51931e+07
4094 3.52251e+07
4117 3.51115e+07
4140 3.50843e+07
4163 3.51168e+07
4186 3.50742e+07
4209 3.49666e+07
4232 3.48921e+07
4255 3.50684e+07
4278 3.48442e+07
4301 3.48487e+07
4324 3.47247e+07
4347 3.48529e+07
4370 3.45284e+07
4393 3.45523e+07
4416 3.46541e+07
4439 3.43453e+07
4462 3.42668e+07
4485 3.42437e+07
4508 3.44053e+07
4531 3.35219e+07
4554 3.37793e+07
4577 3.3647e+07
4600 3.35251e+07
4623 3.24392e+07
4646 3.25918e+07
4669 3.32709e+07
4692 3.23912e+07
4715 3.18036e+07
4738 3.27115e+07
4761 3.26121e+07
4784 3.12965e+07
4807 3.09911e+07
4830 3.25114e+07
4853 3.14932e+07
4876 3.07847e+07
4899 3.18224e+07
4922 3.22755e+07
4945 3.07132e+07
4968 3.06108e+07
4991 3.22891e+07
5014 3.12845e+07
5037 3.00534e+07
5060 3.12961e+07
5083 3.21767e+07
5106 3.07505e+07
5129 3.09685e+07
5152 3.2147e+07
5175 3.11125e+07
5198 3.00785e+07
5221 3.12731e+07
5244 3.17543e+07
5267 2.99469e+07
5290 3.01339e+07
5313 3.15577e+07
5336 3.05486e+07
5359 2.93996e+07
5382 3.08687e+07
5405 3.13792e+07
5428 3.0022e+07
5451 3.05668e+07
5474 3.15788e+07
5497 3.04678e+07
5520 3.0355e+07
5543 3.11352e+07
5566 3.08885e+07
5589 2.99433e+07
5612 3.06985e+07
5635 3.11615e+07
5658 3.04382e+07
5681 3.06512e+07
5704 3.11993e+07
5727 3.07417e+07
5750 3.06754e+07
5773 3.0918e+07
5796 3.09439e+07
5819 3.04705e+07
5842 3.06725e+07
5865 3.0716e+07
5888 3.04543e+07
5911 3.04397e+07
5934 3.05985e+07
5957 3.05085e+07
5980 3.03328e+07
6003 3.06157e+07
6026 3.03776e+07
6049 3.03908e+07
6072 3.03184e+07
6095 3.02921e+07
6118 3.03627e+07
6141 3.02974e+07
6164 3.0199e+07
6187 3.04135e+07
6210 3.0228e+07
6233 3.01744e+07
6256 3.01754e+07
6279 3.01097e+07
6302 3.00974e+07
6325 3.01536e+07
6348 3.01489e+07
6371 3.01171e+07
6394 3.01291e+07
6417 3.01361e+07
6440 3.01304e+07
6463 3.01152e+07
6486 3.01327e+07
6509 3.01281e+07
6532 3.01069e+07
6555 3.0138e+07
6578 3.01448e+07
6601 3.01369e+07
6624 3.01399e+07
6647 3.01322e+07
6670 3.01606e+07
6693 3.01431e+07
6716 3.01525e+07
6739 3.01492e+07
6762 3.01413e+07
6785 3.0165e+07
6808 3.01717e+07
6831 3.01678e+07
6854 3.01744e+07
6877 3.01639e+07
6900 3.01833e+07
6923 3.01822e+07
6946 3.01682e+07
6969 3.01702e+07
6992 3.01842e+07
7015 3.01792e+07
7038 3.01669e+07
7061 3.01852e+07
7084 3.01714e+07
7107 3.01636e+07
7130 3.01833e+07
7153 3.01723e+07
7176 3.01698e+07
7199 3.01645e+07
7222 3.01748e+07
7245 3.01608e+07
7268 3.01674e+07
7291 3.01496e+07
7314 3.01563e+07
7337 3.01555e+07
7360 3.01498e+07
7383 3.01495e+07
7406 3.01481e+07
7429 3.01537e+07
7452 3.01371e+07
7475 3.01496e+07
7498 3.01356e+07
7521 3.01487e+07
7544 3.01392e+07
7567 3.01329e+07
7590 3.01379e+07
7613 3.01323e+07
7636 3.01351e+07
7659 3.01396e+07
7682 3.01287e+07
7705 3.01313e+07
7728 3.01321e+07
7751 3.01249e+07
7774 3.01312e+07
7797 3.01228e+07
7820 3.0132e+07
7843 3.01251e+07
7866 3.01345e+07
7889 3.01216e+07
7912 3.0131e+07
7935 3.01383e+07
7958 3.01265e+07
7981 3.01315e+07
8004 3.01298e+07
8027 3.01186e+07
8050 3.01243e+07
8073 3.01221e+07
8096 3.01316e+07
8119 3.01152e+07
8142 3.01155e+07
8165 3.01191e+07
8188 3.01106e+07
8211 3.01141e+07
8234 3.01195e+07
8257 3.011e+07
8280 3.01189e+07
8303 3.01144e+07
8326 3.01221e+07
8349 3.0114e+07
8372 3.01145e+07
8395 3.01193e+07
8418 3.01124e+07
8441 3.01215e+07
8464 3.01175e+07
8487 3.01145e+07
8510 3.01227e+07
8533 3.01241e+07
8556 3.01185e+07
8579 3.01223e+07
8602 3.01168e+07
8625 3.01174e+07
8648 3.01205e+07
8671 3.01183e+07
8694 3.01181e+07
8717 3.01183e+07
8740 3.01238e+07
8763 3.01206e+07
8786 3.01163e+07
8809 3.01165e+07
8832 3.01203e+07
8855 3.01194e+07
8878 3.01161e+07
8901 3.01297e+07
8924 3.01186e+07
8947 3.01346e+07
8970 3.01194e+07
8993 3.01324e+07
9016 3.01234e+07
9039 3.01323e+07
9062 3.0125e+07
9085 3.01246e+07
9108 3.0135e+07
9131 3.01205e+07
9154 3.01328e+07
9177 3.01201e+07
9200 3.0124e+07
9223 3.01284e+07
9246 3.01243e+07
9269 3.01173e+07
9292 3.01265e+07
9315 3.0124e+07
9338 3.01191e+07
9361 3.01266e+07
9384 3.01177e+07
9407 3.0117e+07
9430 3.01173e+07
9453 3.01175e+07
9476 3.01189e+07
9499 3.01156e+07
9522 3.01135e+07
9545 3.01077e+07
9568 3.01133e+07
9591 3.01134e+07
9614 3.01156e+07
9637 3.01108e+07
9660 3.01043e+07
9683 3.01089e+07
9706 3.01071e+07
9729 3.01054e+07
9752 3.01041e+07
9775 3.01089e+07
9798 3.01011e+07
9821 3.00986e+07
9844 3.01006e+07
9867 3.01022e+07
9890 3.0105e+07
9913 3.01049e+07
9936 3.01069e+07
9959 3.01039e+07
9982 3.01074e+07
10005 3.01098e+07
10028 3.01009e+07
10051 3.0107e+07
10074 3.0099e+07
10097 3.01002e+07
10120 3.00963e+07
10143 3.00985e+07
10166 3.00945e+07
10189 3.00926e+07
10212 3.0096e+07
10235 3.01009e+07
10258 3.00942e+07
10281 3.01026e+07
10304 3.00935e+07
10327 3.01069e+07
10350 3.00946e+07
10373 3.01014e+07
10396 3.01017e+07
10419 3.00979e+07
10442 3.01021e+07
10465 3.00987e+07
10488 3.01005e+07
10511 3.01014e+07
10534 3.01004e+07
10557 3.00998e+07
10580 3.01035e+07
10603 3.00977e+07
10626 3.01045e+07
10649 3.01021e+07
10672 3.01012e+07
10695 3.0098e+07
10718 3.01016e+07
10741 3.01068e+07
10764 3.01077e+07
10787 3.01095e+07
10810 3.01159e+07
10833 3.01223e+07
10856 3.01287e+07
10879 3.01424e+07
10902 3.01513e+07
10925 3.01587e+07
10948 3.0162e+07
10971 3.01693e+07
10994 3.01663e+07
11017 3.01798e+07
11040 3.01803e+07
11063 3.01987e+07
11086 3.01922e+07
11109 3.02047e+07
11132 3.0214e+07
11155 3.02243e+07
11178 3.02282e+07
11201 3.02334e+07
11224 3.02286e+07
11247 3.0237e+07
11270 3.02294e+07
11293 3.02389e+07
11316 3.02498e+07
11339 3.02434e+07
11362 3.02588e+07
11385 3.02504e+07
11408 3.02598e+07
11431 3.02723e+07
11454 3.02738e+07
11477 3.02805e+07
11500 3.02861e+07
11523 3.02795e+07
11546 3.02888e+07
11569 3.03078e+07
11592 3.03146e+07
11615 3.03332e+07
11638 3.03352e+07
11661 3.03407e+07
11684 3.0332e+07
11707 3.03339e+07
11730 3.03333e+07
11753 3.0332e+07
11776 3.03453e+07
11799 3.03437e+07
11822 3.03419e+07
11845 3.0368e+07
11868 3.03491e+07
11891 3.03584e+07
11914 3.03517e+07
11937 3.03609e+07
11960 3.03659e+07
11983 3.03655e+07
12006 3.03611e+07
12029 3.03614e+07
12052 3.03618e+07
12075 3.03763e+07
12098 3.04023e+07
12121 3.04083e+07
12144 3.04114e+07
12167 3.03751e+07
12190 3.03833e+07
12213 3.03782e+07
12236 3.03757e+07
12259 3.03863e+07
12282 3.03893e+07
12305 3.0382e+07
12328 3.03796e+07
12351 3.04079e+07
12374 3.04218e+07
12397 3.03705e+07
12420 3.03706e+07
12443 3.03827e+07
12466 3.03917e+07
12489 3.03712e+07
12512 3.03745e+07
12535 3.037e+07
12558 3.03728e+07
12581 3.03675e+07
12604 3.03656e+07
12627 3.03711e+07
12650 3.03709e+07
12673 3.03635e+07
12696 3.03659e+07
12719 3.03666e+07
12742 3.03598e+07
12765 3.03598e+07
12788 3.0363e+07
12811 3.03614e+07
12834 3.03561e+07
12857 3.03583e+07
12880 3.03531e+07
12903 3.03544e+07
12926 3.03468e+07
12949 3.03544e+07
12972 3.03575e+07
12995 3.03507e+07
13018 3.03473e+07
13041 3.03458e+07
13064 3.03402e+07
13087 3.03448e+07
13110 3.03386e+07
13133 3.03427e+07
13156 3.03375e+07
13179 3.03388e+07
13202 3.03349e+07
13225 3.03333e+07
13248 3.03293e+07
13271 3.03312e+07
13294 3.03241e+07
13317 3.03237e+07
13340 3.03163e+07
13363 3.03164e+07
13386 3.03068e+07
13409 3.03003e+07
13432 3.02911e+07
13455 3.02905e+07
13478 3.02808e+07
13501 3.02666e+07
13524 3.02649e+07
13547 3.02577e+07
13570 3.02412e+07
13593 3.02227e+07
13616 3.02215e+07
13639 3.0202e+07
13662 3.01787e+07
13685 3.0164e+07
13708 3.01499e+07
13731 3.01158e+07
13754 3.00872e+07
13777 3.0073e+07
13800 3.00386e+07
13823 2.99973e+07
13846 2.99598e+07
13869 2.99374e+07
13892 2.98812e+07
13915 2.98293e+07
13938 2.97903e+07
13961 2.97402e+07
13984 2.96649e+07
14007 2.9597e+07
14030 2.95515e+07
14053 2.94585e+07
14076 2.93836e+07
14099 2.92953e+07
14122 2.92039e+07
14145 2.90885e+07
14168 2.90139e+07
14191 2.89274e+07
14214 2.87735e+07
14237 2.86588e+07
14260 2.85392e+07
14283 2.83876e+07
14306 2.81692e+07
14329 2.80946e+07
14352 2.79358e+07
14375 2.77324e+07
14398 2.7428e+07
14421 2.73513e+07
14444 2.72015e+07
14467 2.68535e+07
14490 2.66735e+07
14513 2.65633e+07
14536 2.64014e+07
14559 2.6023e+07
14582 2.59171e+07
14605 2.58747e+07
14628 2.56699e+07
14651 2.53263e+07
14674 2.51918e+07
14697 2.51384e+07
14720 2.48612e+07
14743 2.40949e+07
14766 2.38806e+07
14789 2.37761e+07
14812 2.33287e+07
14835 2.28609e+07
14858 2.26979e+07
14881 2.24442e+07
14904 2.1826e+07
14927 2.06927e+07
14950 2.04519e+07
14973 1.96093e+07
14996 1.8694e+07
15019 1.85736e+07
15042 1.84044e+07
15065 1.74929e+07
15088 1.66164e+07
15111 1.64603e+07
15134 1.56074e+07
15157 1.43506e+07
15180 1.42043e+07
15203 1.41109e+07
15226 1.30696e+07
15249 1.25656e+07
15272 1.25226e+07
15295 1.19695e+07
15318 1.10573e+07
15341 1.08756e+07
15364 1.07624e+07
15387 9.76451e+06
15410 9.27685e+06
15433 9.2089e+06
15456 8.43684e+06
15479 7.34252e+06
15502 7.17259e+06
15525 6.9162e+06
15548 5.9234e+06
15571 5.819e+06
15594 5.73245e+06
15617 5.05116e+06
15640 4.77878e+06
15663 4.61569e+06
15686 3.81105e+06
15709 3.36337e+06
15732 3.33804e+06
15755 3.12938e+06
15778 2.51164e+06
15801 2.46378e+06
15824 2.27747e+06
15847 2.02235e+06
15870 1.99294e+06
15893 1.84161e+06
15916 1.67868e+06
15939 1.64112e+06
15962 1.56551e+06
15985 1.27568e+06
16008 1.24846e+06
16031 1.23595e+06
16054 1.09549e+06
16077 1.0528e+06
16100 1.03724e+06
16123 931902
16146 855814
16169 845738
16192 832924
16215 799482
16238 759542
16261 735270
16284 685452
16307 643676
16330 633801
16353 607369
16376 580758
16399 558667
16422 537382
16445 507297
16468 489967
16491 483034
16514 468414
16537 458593
16560 451019
16583 438492
16606 431854
16629 415953
16652 410355
16675 399849
16698 393696
16721 386905
16744 381610
16767 370230
16790 370050
16813 364365
16836 358411
16859 357783
16882 350602
16905 349146
16928 346572
16951 341931
16974 333174
16997 331826
17020 325822
17043 323527
17066 316987
17089 319270
17112 321231
17135 320916
17158 323127
17181 324393
17204 327400
17227 331390
17250 332104
17273 334669
17296 331106
17319 327910
17342 324778
17365 322193
17388 320008
17411 314007
17434 308028
17457 305145
17480 300120
17503 298290
17526 292998
17549 295038
17572 292573
17595 291167
17618 281863
17641 275021
17664 271319
17687 276958
17710 276562
17733 276291
17756 274659
17779 276629
17802 270240
17825 270477
17848 258567
17871 263088
17894 259058
17917 256575
17940 259193
17963 251978
17986 248368
18009 244784
18032 246621
18055 254319
18078 251455
18101 244250
18124 241823
18147 240397
18170 236853
18193 234327
18216 238404
18239 238145
18262 241490
18285 245610
18308 272941
18331 288926
18354 260906
18377 235733
18400 230060
18423 239453
18446 236120
18469 232315
18492 236246
18515 246373
18538 242389
18561 225606
18584 213886
18607 210472
18630 210712
18653 204322
18676 203029
18699 196752
18722 200711
18745 202983
18768 200935
18791 205163
18814 195269
18837 185752
18860 188018
18883 192870
18906 185833
18929 179194
18952 175631
18975 175352
18998 177322
19021 174341
19044 173254
19067 168763
19090 169516
19113 169253
19136 168387
19159 168016
19182 167888
19205 165865
19228 164193
19251 159565
19274 161897
19297 162911
19320 159291
19343 157844
19366 158652
19389 158018
19412 157923
19435 156977
19458 152949
19481 152875
19504 154051
19527 152282
19550 152433
19573 154656
19596 150070
19619 151600
19642 155210
19665 151787
19688 146918
19711 144292
19734 148314
19757 142181
19780 145859
19803 145064
19826 143847
19849 143007
19872 144296
19895 142332
19918 141211
19941 142997
19964 138829
19987 142120
20010 139687
20033 137285
20056 136108
20079 137529
20102 136529
20125 135242
20148 135466
20171 132923
20194 132740
20217 131962
20240 133042
20263 132250
20286 130074
20309 129362
20332 129278
20355 130747
20378 127434
20401 129447
20424 127544
20447 126839
20470 127156
20493 127811
20516 127704
20539 125146
20562 125571
20585 125650
20608 126607
20631 124058
20654 123505
20677 121643
20700 122481
20723 121655
20746 119486
20769 120035
20792 119149
20815 118439
20838 118812
20861 119559
20884 117910
20907 118146
20930 118790
20953 119614
20976 116532
20999 117776
21022 117712
21045 116147
21068 117143
21091 116865
21114 115053
21137 112705
21160 114901
21183 114479
21206 114620
21229 114830
21252 115279
21275 113682
21298 114380
21321 114316
21344 111820
21367 113103
21390 111393
21413 112446
21436 109978
21459 110321
21482 111195
21505 110640
21528 110203
21551 109431
21574 106957
21597 109088
21620 107078
21643 107369
21666 108386
21689 105591
21712 106536
21735 105410
21758 108199
21781 104619
21804 107147
21827 106129
21850 105907
21873 104021
21896 105164
21919 104189
21942 104160
21965 104296
21988 102471
22011 102839
22034 103620
22057 101302
22080 102181
22103 102246
22126 102228
22149 101397
22172 102052
22195 100200
22218 100160
22241 100150
22264 101040
22287 99588.9
22310 99682.8
22333 101868
22356 100452
22379 101387
22402 100450
22425 100278
22448 100091
22471 99436
22494 100212
22517 100447
22540 96623.1
22563 98620.5
22586 98583.1
22609 98744.4
22632 99100.5
22655 99185.6
22678 97905.1
22701 98397.9
22724 98380.6
22747 95572.2
22770 97766.5
22793 96301
22816 97286.5
22839 95918.8
22862 97868.2
22885 96320.2
22908 97440.2
22931 95529
22954 94690.1
22977 97074.4
23000 93800.6
23023 94736.2
23046 95369.4
23069 94014.4
23092 92373.7
23115 94718.3
23138 92261.5
23161 94157.9
23184 93279.6
23207 93948
23230 91993.5
23253 92350.1
23276 94042.9
23299 92312.7
23322 93815.9
23345 96306
23368 97723.4
23391 101609
23414 101982
23437 110489
23460 110887
23483 114411
23506 121043
23529 126585
23552 129367
23575 132573
23598 137404
23621 142192
23644 148614
23667 149734
23690 153623
23713 159289
23736 164250
23759 167036
23782 170033
23805 173816
23828 175116
23851 172883
23874 173515
23897 182710
23920 179870
23943 180912
23966 182029
23989 188127
24012 188377
24035 186515
24058 197934
24081 196323
24104 187073
24127 189414
24150 190669
24173 190101
24196 194495
24219 191468
24242 195185
24265 201558
24288 196859
24311 194059
24334 193837
24357 200062
24380 197506
24403 202440
24426 221582
24449 239102
24472 226831
24495 207746
24518 200015
24541 208962
24564 222143
24587 206587
24610 206757
24633 214174
24656 216385
24679 212918
24702 204838
24725 221633
24748 220772
24771 203449
24794 207065
24817 206258
24840 197661
24863 207195
24886 198755
24909 205506
24932 202110
24955 199133
24978 201968
25001 194702
25024 195698
25047 196051
25070 195317
25093 191982
25116 192740
25139 193093
25162 192636
25185 190929
25208 187614
25231 191296
25254 190251
25277 190110
25300 188351
25323 188969
25346 187029
25369 186345
25392 187024
25415 186854
25438 185957
25461 183267
25484 183093
25507 183666
25530 183914
25553 182143
25576 183588
25599 181273
25622 179494
25645 182499
25668 183554
25691 181101
25714 181185
25737 183437
25760 179137
25783 179658
25806 180479
25829 178271
25852 180311
25875 178037
25898 177447
25921 176162
25944 177206
25967 177228
25990 177253
26013 176974
26036 173649
26059 176079
26082 173840
26105 173206
26128 173792
26151 173709
26174 171062
26197 172405
26220 171625
26243 171051
26266 171603
26289 170442
26312 169358
26335 168936
26358 167680
26381 168311
26404 168895
26427 165946
26450 168148
26473 165452
26496 165565
26519 163615
26542 163651
26565 164860
26588 162388
26611 165483
26634 163660
26657 162170
26680 163401
26703 160369
26726 159834
26749 159132
26772 159384
26795 160479
26818 160898
26841 159273
26864 158949
26887 159284
26910 158696
26933 157147
26956 157073
26979 156017
27002 155943
27025 156022
27048 155624
27071 154915
27094 155062
27117 151847
27140 152149
27163 152854
27186 150615
27209 151792
27232 150536
27255 149171
27278 152168
27301 149356
27324 149099
27347 150608
27370 148185
27393 150248
27416 147426
27439 148074
27462 145901
27485 146849
27508 145265
27531 145254
27554 145247
27577 144949
27600 144330
27623 144497
27646 143351
27669 142142
27692 143146
27715 142436
27738 140661
27761 142064
27784 141094
27807 141160
27830 140855
27853 139392
27876 139476
27899 138991
27922 140002
27945 138441
27968 139065
27991 138403
28014 137223
28037 135949
28060 136138
28083 135400
28106 136469
28129 135231
28152 135685
28175 135035
28198 133586
28221 134427
28244 133661
28267 131875
28290 133328
28313 131973
28336 131829
28359 130357
28382 130259
28405 130044
28428 129722
28451 127886
28474 130369
28497 127732
28520 127953
28543 127925
28566 125941
28589 127034
28612 125948
28635 126406
28658 126178
28681 125165
28704 125936
28727 122752
28750 124324
28773 123939
28796 124298
28819 122426
28842 124290
28865 123345
28888 122223
28911 122962
28934 120898
28957 120343
28980 122986
29003 118646
29026 118379
29049 119913
29072 118569
29095 118223
29118 119216
29141 117149
29164 116089
29187 117847
29210 116116
29233 116434
29256 115671
29279 115871
29302 114813
29325 115202
29348 115114
29371 112864
29394 115017
29417 112209
29440 113070
29463 112607
29486 113135
29509 112553
29532 111642
29555 111108
29578 111111
29601 110108
29624 110259
29647 112259
29670 110146
29693 111112
29716 110414
29739 111736
29762 113241
29785 114657
29808 115934
29831 120694
29854 124967
29877 130748
29900 137449
29923 139754
29946 140993
29969 142025
29992 149313
30015 151299
30038 151455
30061 145003
30084 142452
30107 139177
30130 141843
30153 140701
30176 139718
30199 137844
30222 129408
30245 123769
30268 120849
30291 117916
30314 123150
30337 126711
30360 128005
30383 128970
30406 126410
30429 129834
30452 125847
30475 121081
30498 120824
30521 125744
30544 138486
30567 142483
30590 137824
30613 131826
30636 126529
30659 125352
30682 128332
30705 127785
30728 118748
30751 116748
30774 119239
30797 124424
30820 132268
30843 127503
30866 118334
30889 111503
30912 110046
30935 110591
30958 112294
30981 112558
31004 112071
31027 111003
31050 107529
31073 105061
31096 103641
31119 98926.6
31142 102079
31165 106741
31188 102051
31211 98867.1
31234 96290.7
31257 94646.5
31280 96891
31303 94643.8
31326 96910.2
31349 95706.2
31372 93616.8
31395 92917.5
31418 92874
31441 90438.1
31464 92302.6
31487 94993.8
31510 90513.5
31533 92031.3
31556 90236.5
31579 89373.2
31602 90172.4
31625 90568.5
31648 88340.3
31671 88219.6
31694 86625.1
31717 89071.9
31740 88918.8
31763 88115
31786 87846.2
31809 84940.6
31832 85939.1
31855 86008.8
31878 84921.7
31901 87428.7
31924 87075
31947 85821.3
31970 83986.2
31993 84220.8
32016 85026.8
32039 84495.4
32062 84871.4
32085 82276
32108 82463.2
32131 81513.6
32154 83264.5
32177 83775.1
32200 84620.8
32223 84392.5
32246 83117.9
32269 80367.1
32292 84019.9
32315 82665.5
32338 81879.1
32361 81866.5
32384 80978.5
32407 81186.8
32430 82257.3
32453 80079.6
32476 79924.4
32499 79659.9
32522 77800.5
32545 79579.8
32568 80663
32591 79730.1
32614 78935.9
32637 77509.7
32660 77878.8
32683 76742.9
32706 77869.7
32729 78411.6
32752 77469.7
32775 76248.7
32798 75321.2
32821 75065.8
32844 75610.6
32867 76449.7
32890 77187.8
32913 74230
32936 75176.4
32959 72437.8
32982 75987.7
33005 73407.5
33028 73547.9
33051 74509.7
33074 72123.4
33097 73047.6
33120 73018.8
33143 72350.5
33166 71148.2
33189 72661.5
33212 72198.9
33235 73022.4
33258 71033.2
33281 71830.8
33304 72421.9
33327 71004.6
33350 71944.8
33373 69489.7
33396 71584.4
33419 68795.5
33442 70506.8
33465 70653.4
33488 69957
33511 69170.6
33534 70463.2
33557 68852.8
33580 68743.2
33603 69918
33626 69230.3
33649 68857.8
33672 68255.9
33695 67402.5
33718 69576.4
33741 67317.5
33764 67490.6
33787 67685.4
33810 67322.5
33833 68061
33856 69943.4
33879 67919
33902 67692.3
33925 68012.5
33948 67953.2
33971 65982.3
33994 66826
34017 66966.2
34040 65941
34063 65540.1
34086 66388.1
34109 64124.4
34132 66321.9
34155 66262.6
34178 64671.7
34201 65537.7
34224 65391.5
34247 64103.6
34270 65582.9
34293 65434.9
34316 63560.6
34339 64080.7
34362 64900.9
34385 64450.6
34408 64633.5
34431 63956.9
34454 64043.1
34477 63791.8
34500 64862.5
34523 62648.2
34546 63712.4
34569 61679.1
34592 62432.5
34615 62637.3
34638 63008.1
34661 61792.5
34684 62148.1
34707 62352.7
34730 62602.1
34753 62468.3
34776 62083.1
34799 61100.1
34822 60998.6
34845 63426.8
34868 61645.1
34891 61968.4
34914 62007.1
34937 60123.9
34960 61691
34983 61154.2
35006 60829.9
35029 61274.4
35052 60789.6
35075 60839.3
35098 61257.9
35121 61182.8
35144 59629.4
35167 60926.7
35190 59998.4
35213 60307
35236 60556.2
35259 60096
35282 59274.1
35305 59491.9
35328 60017.9
35351 59652.4
35374 59855
35397 59114.2
35420 59161
35443 59159.3
35466 58804.8
35489 59913.5
35512 58719.2
35535 59796.5
35558 58733.8
35581 58862.9
35604 59167
35627 58098.6
35650 58553.3
35673 58465.2
35696 57700.2
35719 56980.7
35742 59551.2
35765 56954.8
35788 58650.9
35811 57057.3
35834 56996.4
35857 58565.8
35880 56182.7
35903 56725.4
35926 58252.6
35949 57677.9
35972 58371.7
35995 59130
36018 61616.8
36041 64622.2
36064 68776.5
36087 72857.4
36110 79217.4
36133 81762.6
36156 87969.7
36179 96558.7
36202 106164
36225 111393
36248 117457
36271 119017
36294 119418
36317 118609
36340 120536
36363 124031
36386 128345
36409 130729
36432 130384
36455 133413
36478 136691
36501 136526
36524 135401
36547 137310
36570 141673
36593 149486
36616 153532
36639 155099
36662 158089
36685 157747
36708 160385
36731 157610
36754 154342
36777 150235
36800 154059
36823 155919
36846 154503
36869 160162
36892 155650
36915 152300
36938 155493
36961 156786
36984 156954
37007 153136
37030 149568
37053 150879
37076 146461
37099 156786
37122 151030
37145 144355
37168 147155
37191 146830
37214 145905
37237 143861
37260 143917
37283 144406
37306 140747
37329 141312
37352 142684
37375 143255
37398 141220
37421 139137
37444 138352
37467 138510
37490 140403
37513 140411
37536 138624
37559 139127
37582 136834
37605 136992
37628 139263
37651 136795
37674 136319
37697 135749
37720 135039
37743 135565
37766 136708
37789 134041
37812 132954
37835 133256
37858 132879
37881 133134
37904 132868
37927 132235
37950 129913
37973 129934
37996 130464
38019 131610
38042 131404
38065 130044
38088 129302
38111 132085
38134 129322
38157 129030
38180 131200
38203 127186
38226 129347
38249 128778
38272 128573
38295 128128
38318 127789
38341 125620
38364 124857
38387 125458
38410 126519
38433 126776
38456 125488
38479 125231
38502 126978
38525 124883
38548 124357
38571 123809
38594 124417
38617 122574
38640 124869
38663 124097
38686 122436
38709 121038
38732 122235
38755 124053
38778 121267
38801 123247
38824 121162
38847 120288
38870 120868
38893 119710
38916 118989
38939 119722
38962 118834
38985 117691
39008 119047
39031 117808
39054 116250
39077 117639
39100 115885
39123 116977
39146 116611
39169 117265
39192 116392
39215 114901
39238 116758
39261 115622
39284 114868
39307 115766
39330 115152
39353 114631
39376 114377
39399 115162
39422 112699
39445 113825
39468 114281
39491 113086
39514 112537
39537 112489
39560 111823
39583 110299
39606 111343
39629 111397
39652 109484
39675 112508
39698 108889
39721 110677
39744 108956
39767 108603
39790 107404
39813 109257
39836 107440
39859 107810
39882 108075
39905 106963
39928 108823
39951 106670
39974 108112
39997 106155
40020 105539
40043 106793
40066 105205
40089 105510
40112 104597
40135 105564
40158 103446
40181 104265
40204 103692
40227 104397
40250 103827
40273 102915
40296 102498
40319 103969
40342 104301
40365 102061
40388 102161
40411 102620
40434 101188
40457 102345
40480 101478
40503 102502
40526 101521
40549 100393
40572 101422
40595 100928
40618 98449.1
40641 99618.2
40664 98867.8
40687 98941.6
40710 99206.9
40733 99092.5
40756 97641.2
40779 98327.1
40802 97452.2
40825 97266.7
40848 96900.4
40871 96752.1
40894 96492.8
40917 96693.6
40940 95359.4
40963 93768.1
40986 97033.8
41009 94439.9
41032 93989.1
41055 95740.2
41078 93853
41101 92714.9
41124 95088.3
41147 93371.5
41170 95382.4
41193 93970.3
41216 92679
41239 91146.9
41262 92383.7
41285 91775.6
41308 91990.6
41331 92216.4
41354 91551.5
41377 90737.7
41400 90349.2
41423 90839.6
41446 90860.8
41469 88912.9
41492 90398.5
41515 89240.1
41538 90196.8
41561 90541
41584 90096.6
41607 88961
41630 88734.7
41653 86699.3
41676 87407.7
41699 87551.7
41722 86640.5
41745 87708.5
41768 86707.7
41791 86741.7
41814 86317.4
41837 86842.9
41860 86594.9
41883 86150.8
41906 87196
41929 86839.8
41952 84314.7
41975 85132.3
41998 84150.2
42021 83714.4
42044 84892.9
42067 82685.8
42090 84762.1
42113 84033.6
42136 83991.3
42159 83572.8
42182 83648
42205 81994.4
42228 83137.5
42251 83126.9
42274 82692.9
42297 82331.9
42320 82233.1
42343 82882.4
42366 85067.8
42389 88820.5
42412 96520.9
42435 103230
42458 111849
42481 115248
42504 114839
42527 111593
42550 113488
42573 112136
42596 109779
42619 110577
42642 107609
42665 109304
42688 111512
42711 114479
42734 121533
42757 120737
42780 114260
42803 108327
42826 104580
42849 102101
42872 102719
42895 101915
42918 101325
42941 99948.6
42964 101131
42987 99275.6
43010 98318.4
43033 98983.9
43056 98652.3
43079 96052.7
43102 95347.8
43125 95390.4
43148 96482.3
43171 96916
43194 96101.5
43217 93080.8
43240 90514
43263 89267.4
43286 89519.5
43309 90556.4
43332 87748.2
43355 85103.8
43378 83892.4
43401 82188.3
43424 80764.4
43447 81628.8
43470 82366.8
43493 80538.7
43516 83112.8
43539 81068
43562 79569.9
43585 77283.7
43608 75819.9
43631 77046.3
43654 80092.9
43677 79481.3
43700 79689.9
43723 75841.1
43746 75429.8
43769 75880.3
43792 76078.5
43815 72953.7
43838 75094.2
43861 74521.3
43884 76251.4
43907 75677.8
43930 75456.2
43953 73823.8
43976 71613.5
43999 72305.7
44022 71568.1
44045 72431.9
44068 71632.9
44091 72854.1
44114 72514
44137 71057
44160 70619.1
44183 69642.2
44206 70670.6
44229 68885.1
44252 69543.8
44275 69765.8
44298 68187.3
44321 70055.6
44344 69375.7
44367 67776.8
44390 69832
44413 67619.3
44436 67732.3
44459 68784.7
44482 68473.4
44505 66607
44528 68820.4
44551 68598.3
44574 66401.5
44597 66212.9
44620 66284.3
44643 65703.9
44666 66929.3
44689 66625.4
44712 67289.8
44735 66559.2
44758 65155.1
44781 65840.1
44804 64586.6
44827 64940.7
44850 65054.2
44873 64379.3
44896 64292.1
44919 64842.1
44942 63914.1
44965 64747
44988 64566.6
45011 63018.9
45034 63316
45057 62880.5
45080 62745.5
45103 63341.3
45126 63466.8
45149 62982.4
45172 61287.5
45195 62696.8
45218 61198.1
45241 60710.1
45264 61997.1
45287 61440.1
45310 60217
45333 61575.8
45356 60958.5
45379 59859.1
45402 60493.1
45425 59609.3
45448 59493.1
45471 59781.3
45494 60538.4
45517 59471.7
45540 59384.3
45563 60221.7
45586 59988.7
45609 59259.9
45632 59558.7
45655 59804.4
45678 58584.1
45701 57529.7
45724 58942.3
45747 58504.2
45770 59254.7
45793 58065.6
45816 58743.4
45839 58773.3
45862 59338.4
45885 58323.9
45908 56768
45931 59162.8
45954 58058.9
45977 57959.3
46000 57739.9
46023 58461.1
46046 56440.7
46069 58165.4
46092 56449.2
46115 57086.9
46138 57560.4
46161 56568.5
46184 56538.7
46207 55695.2
46230 56536.2
46253 56000.1
46276 55996.1
46299 55871.6
46322 55359.1
46345 55426.4
46368 55460.6
46391 54414.5
46414 55574.5
46437 55366.5
46460 54523.3
46483 54719.1
46506 55025
46529 55269.8
46552 55273.7
46575 54887.7
46598 54664.9
46621 56057.9
46644 54133.7
46667 54232.8
46690 54794.9
46713 54505.9
46736 55248.4
46759 53119.7
46782 52852.2
46805 53890.8
46828 52823.7
46851 54154
46874 52889.7
46897 54116.7
46920 54353.7
46943 53674
46966 53464.1
46989 52861.7
47012 51853.2
47035 52616
47058 52400
47081 52317.8
47104 52405.8
47127 53608.3
47150 51995.8
47173 53160
47196 53384.5
47219 53047.1
47242 52502.9
47265 52528.9
47288 53173.6
47311 51920.3
47334 51466
47357 52327.6
47380 50794.6
47403 52516.1
47426 51369.4
47449 51948.8
47472 52053.5
47495 51607.9
47518 51440.3
47541 51086.7
47564 51385.6
47587 50271.6
47610 51045.1
47633 49902.2
47656 50363.7
47679 50421.8
47702 50553.3
47725 50716.7
47748 50566.5
47771 50281.3
47794 51003.6
47817 50270.2
47840 49228.2
47863 50216.9
47886 49842.5
47909 50219.1
47932 49793
47955 49108.5
