0 1.76508e+07
14 1.76509e+07
28 1.76509e+07
42 1.76509e+07
56 1.76509e+07
70 1.76509e+07
84 1.76509e+07
98 1.76509e+07
112 1.76509e+07
126 1.76509e+07
140 1.76509e+07
154 1.76509e+07
168 1.76509e+07
182 1.76509e+07
196 1.76509e+07
210 1.76509e+07
224 1.76509e+07
238 1.76509e+07
252 1.76509e+07
266 1.76509e+07
280 1.76509e+07
294 1.76509e+07
308 1.76509e+07
322 1.76509e+07
336 1.76509e+07
350 1.76509e+07
364 1.76509e+07
378 1.76509e+07
392 1.76509e+07
406 1.76509e+07
420 1.76509e+07
434 1.76509e+07
448 1.76509e+07
462 1.76509e+07
476 1.76509e+07
490 1.76509e+07
504 1.76509e+07
518 1.76509e+07
532 1.76509e+07
546 1.76509e+07
560 1.76509e+07
574 1.76509e+07
588 1.76509e+07
602 1.76509e+07
616 1.76509e+07
630 1.76509e+07
644 1.76509e+07
658 1.76509e+07
672 1.76509e+07
686 1.76509e+07
700 1.76509e+07
714 1.76509e+07
728 1.76509e+07
742 1.76509e+07
756 1.76509e+07
770 1.76509e+07
784 1.76509e+07
798 1.76509e+07
812 1.76509e+07
826 1.76509e+07
840 1.76509e+07
854 1.76509e+07
868 1.76509e+07
882 1.76509e+07
896 1.76509e+07
910 1.76509e+07
924 1.76509e+07
938 1.76509e+07
952 1.76509e+07
966 1.76509e+07
980 1.76509e+07
994 1.76509e+07
1008 1.76509e+07
1022 1.76509e+07
1036 1.76509e+07
1050 1.76509e+07
1064 1.76509e+07
1078 1.76509e+07
1092 1.76509e+07
1106 1.76509e+07
1120 1.76509e+07
1134 1.76509e+07
1148 1.76509e+07
1162 1.76509e+07
1176 1.76509e+07
1190 1.76509e+07
1204 1.76509e+07
1218 1.76509e+07
1232 1.76509e+07
1246 1.76509e+07
1260 1.76509e+07
1274 1.76509e+07
1288 1.76509e+07
1302 1.76509e+07
1316 1.76509e+07
1330 1.76509e+07
1344 1.76509e+07
1358 1.76509e+07
1372 1.76509e+07
1386 1.76509e+07
1400 1.76509e+07
1414 1.76509e+07
1428 1.76509e+07
1442 1.76509e+07
1456 1.76509e+07
1470 1.76509e+07
1484 1.76509e+07
1498 1.76509e+07
1512 1.76509e+07
1526 1.76509e+07
1540 1.76509e+07
1554 1.76509e+07
1568 1.76509e+07
1582 1.76509e+07
1596 1.76509e+07
1610 1.76509e+07
1624 1.76509e+07
1638 1.76509e+07
1652 1.76509e+07
1666 1.76509e+07
1680 1.76509e+07
1694 1.76509e+07
1708 1.76509e+07
1722 1.76509e+07
1736 1.76509e+07
1750 1.76509e+07
1764 1.76509e+07
1778 1.76509e+07
1792 1.76509e+07
1806 1.76509e+07
1820 1.76509e+07
1834 1.76509e+07
1848 1.76509e+07
1862 1.76509e+07
1876 1.76509e+07
1890 1.76509e+07
1904 1.76509e+07
1918 1.76509e+07
1932 1.76509e+07
1946 1.76509e+07
1960 1.76509e+07
1974 1.76509e+07
1988 1.76509e+07
2002 1.76509e+07
2016 1.76509e+07
2030 1.76509e+07
2044 1.76509e+07
2058 1.76509e+07
2072 1.76509e+07
2086 1.76509e+07
2100 1.76509e+07
2114 1.76509e+07
2128 1.76509e+07
2142 1.76509e+07
2156 1.76509e+07
2170 1.76509e+07
2184 1.76509e+07
2198 1.76509e+07
2212 1.76509e+07
2226 1.76509e+07
2240 1.76509e+07
2254 1.76509e+07
2268 1.76509e+07
2282 1.76509e+07
2296 1.76509e+07
2310 1.76509e+07
2324 1.76509e+07
2338 1.76509e+07
2352 1.76509e+07
2366 1.76509e+07
2380 1.76509e+07
2394 1.76509e+07
2408 1.76509e+07
2422 1.76509e+07
2436 1.76509e+07
2450 1.76509e+07
2464 1.76509e+07
2478 1.76509e+07
2492 1.76509e+07
2506 1.76509e+07
2520 1.76509e+07
2534 1.76509e+07
2548 1.76509e+07
2562 1.76509e+07
2576 1.76509e+07
2590 1.76509e+07
2604 1.76509e+07
2618 1.76509e+07
2632 1.76509e+07
2646 1.76509e+07
2660 1.76509e+07
2674 1.76509e+07
2688 1.76509e+07
2702 1.76509e+07
2716 1.76509e+07
2730 1.76509e+07
2744 1.76509e+07
2758 1.76509e+07
2772 1.76509e+07
2786 1.76509e+07
2800 1.76509e+07
2814 1.76509e+07
2828 1.76509e+07
2842 1.76509e+07
2856 1.76509e+07
2870 1.76509e+07
2884 1.76509e+07
2898 1.76509e+07
2912 1.76509e+07
2926 1.76509e+07
2940 1.76509e+07
2954 1.76509e+07
2968 1.76509e+07
2982 1.76509e+07
2996 1.76509e+07
3010 1.76509e+07
3024 1.76509e+07
3038 1.76509e+07
3052 1.76509e+07
3066 1.76509e+07
3080 1.76509e+07
3094 1.76509e+07
3108 1.76509e+07
3122 1.76509e+07
3136 1.76509e+07
3150 1.76509e+07
3164 1.76509e+07
3178 1.76509e+07
3192 1.76509e+07
3206 1.76509e+07
3220 1.76509e+07
3234 1.76509e+07
3248 1.76509e+07
3262 1.76509e+07
3276 1.76509e+07
3290 1.76509e+07
3304 1.76509e+07
3318 1.76509e+07
3332 1.76509e+07
3346 1.76509e+07
3360 1.76509e+07
3374 1.76509e+07
3388 1.76509e+07
3402 1.76509e+07
3416 1.76509e+07
3430 1.76509e+07
3444 1.76509e+07
3458 1.76509e+07
3472 1.76509e+07
3486 1.76509e+07
3500 1.76509e+07
3514 1.76509e+07
3528 1.76509e+07
3542 1.76509e+07
3556 1.76509e+07
3570 1.76509e+07
3584 1.76509e+07
3598 1.76509e+07
3612 1.76509e+07
3626 1.76509e+07
3640 1.76509e+07
3654 1.76509e+07
3668 1.76509e+07
3682 1.76509e+07
3696 1.76509e+07
3710 1.76509e+07
3724 1.76509e+07
3738 1.76509e+07
3752 1.76509e+07
3766 1.76509e+07
3780 1.76509e+07
3794 1.76509e+07
3808 1.76509e+07
3822 1.76509e+07
3836 1.76509e+07
3850 1.76509e+07
3864 1.76509e+07
3878 1.76509e+07
3892 1.76509e+07
3906 1.76509e+07
3920 1.76509e+07
3934 1.76509e+07
3948 1.76509e+07
3962 1.76509e+07
3976 1.76509e+07
3990 1.76509e+07
4004 1.76509e+07
4018 1.76509e+07
4032 1.76509e+07
4046 1.76509e+07
4060 1.76509e+07
4074 1.76509e+07
4088 1.76509e+07
4102 1.76509e+07
4116 1.76509e+07
4130 1.76509e+07
4144 1.76509e+07
4158 1.76509e+07
4172 1.76509e+07
4186 1.76509e+07
4200 1.76509e+07
4214 1.76509e+07
4228 1.76509e+07
4242 1.76509e+07
4256 1.76509e+07
4270 1.76509e+07
4284 1.76509e+07
4298 1.76509e+07
4312 1.76509e+07
4326 1.76509e+07
4340 1.76509e+07
4354 1.76509e+07
4368 1.76509e+07
4382 1.76509e+07
4396 1.76509e+07
4410 1.76509e+07
4424 1.76509e+07
4438 1.76509e+07
4452 1.76509e+07
4466 1.76509e+07
4480 1.76509e+07
4494 1.76509e+07
4508 1.76509e+07
4522 1.76509e+07
4536 1.76509e+07
4550 1.76509e+07
4564 1.76509e+07
4578 1.76509e+07
4592 1.76509e+07
4606 1.76509e+07
4620 1.76509e+07
4634 1.76509e+07
4648 1.76509e+07
4662 1.76509e+07
4676 1.76509e+07
4690 1.76509e+07
4704 1.76509e+07
4718 1.76509e+07
4732 1.76509e+07
4746 1.76509e+07
4760 1.76509e+07
4774 1.76509e+07
4788 1.76509e+07
4802 1.76509e+07
4816 1.76509e+07
4830 1.76509e+07
4844 1.76509e+07
4858 1.76509e+07
4872 1.76509e+07
4886 1.76509e+07
4900 1.76509e+07
4914 1.76509e+07
4928 1.76509e+07
4942 1.76509e+07
4956 1.76509e+07
4970 1.76509e+07
4984 1.76509e+07
4998 1.76509e+07
5012 1.76509e+07
5026 1.76509e+07
5040 1.76509e+07
5054 1.76509e+07
5068 1.76508e+07
5082 1.76508e+07
5096 1.76508e+07
5110 1.76508e+07
5124 1.76508e+07
5138 1.76508e+07
5152 1.76508e+07
5166 1.76508e+07
5180 1.76509e+07
5194 1.76509e+07
5208 1.76509e+07
5222 1.76509e+07
5236 1.76508e+07
5250 1.76508e+07
5264 1.76507e+07
5278 1.76506e+07
5292 1.76505e+07
5306 1.76505e+07
5320 1.76505e+07
5334 1.76505e+07
5348 1.76505e+07
5362 1.76506e+07
5376 1.76507e+07
5390 1.76508e+07
5404 1.76509e+07
5418 1.76509e+07
5432 1.76508e+07
5446 1.76506e+07
5460 1.76504e+07
5474 1.76502e+07
5488 1.76499e+07
5502 1.76498e+07
5516 1.76497e+07
5530 1.76497e+07
5544 1.76498e+07
5558 1.76501e+07
5572 1.76504e+07
5586 1.76507e+07
5600 1.76509e+07
5614 1.76509e+07
5628 1.76507e+07
5642 1.76503e+07
5656 1.76499e+07
5670 1.76493e+07
5684 1.76487e+07
5698 1.76483e+07
5712 1.7648e+07
5726 1.76479e+07
5740 1.76481e+07
5754 1.76485e+07
5768 1.76492e+07
5782 1.765e+07
5796 1.76507e+07
5810 1.76508e+07
5824 1.76505e+07
5838 1.76499e+07
5852 1.7649e+07
5866 1.76476e+07
5880 1.76466e+07
5894 1.76457e+07
5908 1.76445e+07
5922 1.7644e+07
5936 1.76443e+07
5950 1.76447e+07
5964 1.7646e+07
5978 1.76478e+07
5992 1.76497e+07
6006 1.76507e+07
6020 1.76502e+07
6034 1.76492e+07
6048 1.76477e+07
6062 1.76449e+07
6076 1.76434e+07
6090 1.76414e+07
6104 1.76384e+07
6118 1.76376e+07
6132 1.7637e+07
6146 1.76368e+07
6160 1.76386e+07
6174 1.76416e+07
6188 1.76454e+07
6202 1.76493e+07
6216 1.76496e+07
6230 1.76469e+07
6244 1.7646e+07
6258 1.76397e+07
6272 1.76357e+07
6286 1.76362e+07
6300 1.76276e+07
6314 1.76251e+07
6328 1.76253e+07
6342 1.76215e+07
6356 1.76225e+07
6370 1.76271e+07
6384 1.7632e+07
6398 1.76401e+07
6412 1.76463e+07
6426 1.76399e+07
6440 1.76362e+07
6454 1.76321e+07
6468 1.76167e+07
6482 1.7616e+07
6496 1.76168e+07
6510 1.75971e+07
6524 1.75997e+07
6538 1.75976e+07
6552 1.75873e+07
6566 1.75938e+07
6580 1.76031e+07
6594 1.76099e+07
6608 1.76256e+07
6622 1.76268e+07
6636 1.76056e+07
6650 1.76033e+07
6664 1.75897e+07
6678 1.75611e+07
6692 1.75554e+07
6706 1.75759e+07
6720 1.75354e+07
6734 1.75216e+07
6748 1.75392e+07
6762 1.75188e+07
6776 1.75116e+07
6790 1.75431e+07
6804 1.757e+07
6818 1.7581e+07
6832 1.75607e+07
6846 1.75036e+07
6860 1.74823e+07
6874 1.7453e+07
6888 1.7423e+07
6902 1.74113e+07
6916 1.74261e+07
6930 1.74018e+07
6944 1.73503e+07
6958 1.73281e+07
6972 1.73499e+07
6986 1.73696e+07
7000 1.73868e+07
7014 1.74329e+07
7028 1.74675e+07
7042 1.73825e+07
7056 1.72835e+07
7070 1.72384e+07
7084 1.72121e+07
7098 1.7179e+07
7112 1.71606e+07
7126 1.71374e+07
7140 1.71086e+07
7154 1.70955e+07
7168 1.70882e+07
7182 1.707e+07
7196 1.70848e+07
7210 1.71482e+07
7224 1.72398e+07
7238 1.72237e+07
7252 1.70676e+07
7266 1.69307e+07
7280 1.68589e+07
7294 1.68136e+07
7308 1.67949e+07
7322 1.68098e+07
7336 1.68094e+07
7350 1.67777e+07
7364 1.67414e+07
7378 1.67195e+07
7392 1.67302e+07
7406 1.67828e+07
7420 1.68732e+07
7434 1.69338e+07
7448 1.68167e+07
7462 1.66127e+07
7476 1.64888e+07
7490 1.64564e+07
7504 1.63998e+07
7518 1.63226e+07
7532 1.62884e+07
7546 1.63272e+07
7560 1.64474e+07
7574 1.64933e+07
7588 1.63961e+07
7602 1.63691e+07
7616 1.65075e+07
7630 1.66164e+07
7644 1.65259e+07
7658 1.63686e+07
7672 1.62864e+07
7686 1.62094e+07
7700 1.61328e+07
7714 1.61486e+07
7728 1.6254e+07
7742 1.62517e+07
7756 1.61083e+07
7770 1.6052e+07
7784 1.6161e+07
7798 1.62833e+07
7812 1.62739e+07
7826 1.62613e+07
7840 1.62803e+07
7854 1.60934e+07
7868 1.59461e+07
7882 1.58614e+07
7896 1.57723e+07
7910 1.57014e+07
7924 1.57162e+07
7938 1.58443e+07
7952 1.5903e+07
7966 1.57704e+07
7980 1.57084e+07
7994 1.58243e+07
8008 1.59744e+07
8022 1.59857e+07
8036 1.59509e+07
8050 1.58806e+07
8064 1.57856e+07
8078 1.57363e+07
8092 1.56948e+07
8106 1.56714e+07
8120 1.56721e+07
8134 1.57137e+07
8148 1.56946e+07
8162 1.56617e+07
8176 1.56739e+07
8190 1.57355e+07
8204 1.57723e+07
8218 1.5802e+07
8232 1.58146e+07
8246 1.57252e+07
8260 1.56662e+07
8274 1.56337e+07
8288 1.55881e+07
8302 1.5565e+07
8316 1.56207e+07
8330 1.5649e+07
8344 1.55727e+07
8358 1.55335e+07
8372 1.56037e+07
8386 1.56619e+07
8400 1.56509e+07
8414 1.56882e+07
8428 1.56999e+07
8442 1.56379e+07
8456 1.56157e+07
8470 1.55859e+07
8484 1.5547e+07
8498 1.55486e+07
8512 1.55764e+07
8526 1.55688e+07
8540 1.55229e+07
8554 1.55353e+07
8568 1.55747e+07
8582 1.55774e+07
8596 1.5586e+07
8610 1.56319e+07
8624 1.56355e+07
8638 1.5617e+07
8652 1.56261e+07
8666 1.55945e+07
8680 1.56047e+07
8694 1.55983e+07
8708 1.55727e+07
8722 1.55429e+07
8736 1.55698e+07
8750 1.5593e+07
8764 1.55807e+07
8778 1.56028e+07
8792 1.56285e+07
8806 1.56364e+07
8820 1.5618e+07
8834 1.56107e+07
8848 1.55981e+07
8862 1.56022e+07
8876 1.55861e+07
8890 1.55953e+07
8904 1.55786e+07
8918 1.55838e+07
8932 1.55812e+07
8946 1.55888e+07
8960 1.55905e+07
8974 1.55979e+07
8988 1.56057e+07
9002 1.56103e+07
9016 1.5616e+07
9030 1.55973e+07
9044 1.56113e+07
9058 1.55903e+07
9072 1.56033e+07
9086 1.55844e+07
9100 1.56039e+07
9114 1.5589e+07
9128 1.56057e+07
9142 1.55934e+07
9156 1.56021e+07
9170 1.56002e+07
9184 1.56124e+07
9198 1.56107e+07
9212 1.56165e+07
9226 1.56055e+07
9240 1.56088e+07
9254 1.56071e+07
9268 1.56059e+07
9282 1.5595e+07
9296 1.56012e+07
9310 1.55899e+07
9324 1.55939e+07
9338 1.55948e+07
9352 1.56051e+07
9366 1.56114e+07
9380 1.56146e+07
9394 1.56174e+07
9408 1.56134e+07
9422 1.56123e+07
9436 1.56041e+07
9450 1.56063e+07
9464 1.56033e+07
9478 1.56042e+07
9492 1.55993e+07
9506 1.55961e+07
9520 1.56054e+07
9534 1.55998e+07
9548 1.56031e+07
9562 1.56079e+07
9576 1.56148e+07
9590 1.56064e+07
9604 1.56046e+07
9618 1.56094e+07
9632 1.5611e+07
9646 1.56098e+07
9660 1.55969e+07
9674 1.5597e+07
9688 1.55964e+07
9702 1.56063e+07
9716 1.56104e+07
9730 1.56157e+07
9744 1.56107e+07
9758 1.56193e+07
9772 1.5606e+07
9786 1.56094e+07
9800 1.55996e+07
9814 1.5611e+07
9828 1.56041e+07
9842 1.56092e+07
9856 1.56102e+07
9870 1.56037e+07
9884 1.56105e+07
9898 1.56007e+07
9912 1.56083e+07
9926 1.55992e+07
9940 1.56063e+07
9954 1.56054e+07
9968 1.56094e+07
9982 1.56081e+07
9996 1.56162e+07
10010 1.5608e+07
10024 1.56128e+07
10038 1.56032e+07
10052 1.56126e+07
10066 1.55987e+07
10080 1.56092e+07
10094 1.56019e+07
10108 1.56109e+07
10122 1.56007e+07
10136 1.56099e+07
10150 1.56112e+07
10164 1.56081e+07
10178 1.56122e+07
10192 1.55965e+07
10206 1.56113e+07
10220 1.55911e+07
10234 1.56099e+07
10248 1.56039e+07
10262 1.56142e+07
10276 1.56106e+07
10290 1.56067e+07
10304 1.56165e+07
10318 1.56043e+07
10332 1.56112e+07
10346 1.56032e+07
10360 1.56095e+07
10374 1.56023e+07
10388 1.56028e+07
10402 1.56127e+07
10416 1.56015e+07
10430 1.56145e+07
10444 1.56093e+07
10458 1.56167e+07
10472 1.5606e+07
10486 1.561e+07
10500 1.56084e+07
10514 1.56026e+07
10528 1.56059e+07
10542 1.56047e+07
10556 1.56033e+07
10570 1.56024e+07
10584 1.56038e+07
10598 1.56082e+07
10612 1.56091e+07
10626 1.56063e+07
10640 1.56131e+07
10654 1.56021e+07
10668 1.56088e+07
10682 1.5601e+07
10696 1.56104e+07
10710 1.56031e+07
10724 1.56077e+07
10738 1.56103e+07
10752 1.56024e+07
10766 1.56072e+07
10780 1.55958e+07
10794 1.56087e+07
10808 1.56007e+07
10822 1.56064e+07
10836 1.56059e+07
10850 1.56072e+07
10864 1.5609e+07
10878 1.56014e+07
10892 1.56104e+07
10906 1.56009e+07
10920 1.56032e+07
10934 1.56046e+07
10948 1.56033e+07
10962 1.56049e+07
10976 1.55996e+07
10990 1.56086e+07
11004 1.56022e+07
11018 1.56066e+07
11032 1.56022e+07
11046 1.55996e+07
11060 1.56057e+07
11074 1.55981e+07
11088 1.56058e+07
11102 1.56009e+07
11116 1.56088e+07
11130 1.56026e+07
11144 1.56112e+07
11158 1.56062e+07
11172 1.56051e+07
11186 1.55963e+07
11200 1.56035e+07
11214 1.55965e+07
11228 1.56017e+07
11242 1.56e+07
11256 1.56048e+07
11270 1.56089e+07
11284 1.56029e+07
11298 1.56077e+07
11312 1.55935e+07
11326 1.56058e+07
11340 1.55943e+07
11354 1.56086e+07
11368 1.55996e+07
11382 1.56093e+07
11396 1.56051e+07
11410 1.5606e+07
11424 1.56038e+07
11438 1.56023e+07
11452 1.56058e+07
11466 1.55997e+07
11480 1.56115e+07
11494 1.55971e+07
11508 1.56077e+07
11522 1.56014e+07
11536 1.56069e+07
11550 1.56033e+07
11564 1.56023e+07
11578 1.5605e+07
11592 1.56041e+07
11606 1.56045e+07
11620 1.56067e+07
11634 1.56022e+07
11648 1.56067e+07
11662 1.56015e+07
11676 1.56056e+07
11690 1.55994e+07
11704 1.56025e+07
11718 1.56015e+07
11732 1.56002e+07
11746 1.56051e+07
11760 1.56064e+07
11774 1.56094e+07
11788 1.56074e+07
11802 1.56082e+07
11816 1.56062e+07
11830 1.56046e+07
11844 1.56055e+07
11858 1.56076e+07
11872 1.56118e+07
11886 1.56125e+07
11900 1.56168e+07
11914 1.56171e+07
11928 1.56209e+07
11942 1.56216e+07
11956 1.56223e+07
11970 1.56231e+07
11984 1.5621e+07
11998 1.56221e+07
12012 1.562e+07
12026 1.56268e+07
12040 1.56259e+07
12054 1.56309e+07
12068 1.56354e+07
12082 1.56388e+07
12096 1.56412e+07
12110 1.56358e+07
12124 1.56387e+07
12138 1.56265e+07
12152 1.56287e+07
12166 1.56239e+07
12180 1.56255e+07
12194 1.56217e+07
12208 1.56165e+07
12222 1.56223e+07
12236 1.56149e+07
12250 1.5622e+07
12264 1.56171e+07
12278 1.56289e+07
12292 1.56236e+07
12306 1.56282e+07
12320 1.56278e+07
12334 1.56243e+07
12348 1.56298e+07
12362 1.56235e+07
12376 1.56334e+07
12390 1.56265e+07
12404 1.5634e+07
12418 1.56299e+07
12432 1.56311e+07
12446 1.56287e+07
12460 1.56256e+07
12474 1.56309e+07
12488 1.5626e+07
12502 1.56319e+07
12516 1.56263e+07
12530 1.56303e+07
12544 1.56284e+07
12558 1.56291e+07
12572 1.56359e+07
12586 1.56385e+07
12600 1.5653e+07
12614 1.56557e+07
12628 1.56677e+07
12642 1.56565e+07
12656 1.56523e+07
12670 1.5642e+07
12684 1.56378e+07
12698 1.56365e+07
12712 1.5629e+07
12726 1.56319e+07
12740 1.56227e+07
12754 1.56261e+07
12768 1.56303e+07
12782 1.56438e+07
12796 1.56594e+07
12810 1.56789e+07
12824 1.56956e+07
12838 1.56871e+07
12852 1.56833e+07
12866 1.56535e+07
12880 1.56489e+07
12894 1.56273e+07
12908 1.56229e+07
12922 1.56233e+07
12936 1.56123e+07
12950 1.56281e+07
12964 1.56252e+07
12978 1.56495e+07
12992 1.56484e+07
13006 1.5651e+07
13020 1.56384e+07
13034 1.56346e+07
13048 1.56305e+07
13062 1.56271e+07
13076 1.56298e+07
13090 1.56222e+07
13104 1.56226e+07
13118 1.56181e+07
13132 1.56176e+07
13146 1.56196e+07
13160 1.56096e+07
13174 1.56179e+07
13188 1.56033e+07
13202 1.56184e+07
13216 1.56119e+07
13230 1.56255e+07
13244 1.56183e+07
13258 1.56136e+07
13272 1.56175e+07
13286 1.56117e+07
13300 1.56277e+07
13314 1.56383e+07
13328 1.56532e+07
13342 1.56608e+07
13356 1.56527e+07
13370 1.56528e+07
13384 1.563e+07
13398 1.56337e+07
13412 1.56166e+07
13426 1.56365e+07
13440 1.56369e+07
13454 1.56506e+07
13468 1.56483e+07
13482 1.56428e+07
13496 1.56515e+07
13510 1.56352e+07
13524 1.56417e+07
13538 1.56218e+07
13552 1.56268e+07
13566 1.56132e+07
13580 1.56016e+07
13594 1.55921e+07
13608 1.55872e+07
13622 1.55952e+07
13636 1.5592e+07
13650 1.55982e+07
13664 1.55929e+07
13678 1.55946e+07
13692 1.55921e+07
13706 1.55985e+07
13720 1.55969e+07
13734 1.55926e+07
13748 1.5588e+07
13762 1.55861e+07
13776 1.55909e+07
13790 1.55839e+07
13804 1.55967e+07
13818 1.55792e+07
13832 1.55854e+07
13846 1.5573e+07
13860 1.55817e+07
13874 1.55773e+07
13888 1.55768e+07
13902 1.55812e+07
13916 1.55713e+07
13930 1.55744e+07
13944 1.55664e+07
13958 1.55701e+07
13972 1.55735e+07
13986 1.55653e+07
14000 1.5576e+07
14014 1.55642e+07
14028 1.55706e+07
14042 1.5565e+07
14056 1.5565e+07
14070 1.55659e+07
14084 1.5558e+07
14098 1.55664e+07
14112 1.55594e+07
14126 1.55642e+07
14140 1.55614e+07
14154 1.55593e+07
14168 1.55656e+07
14182 1.55566e+07
14196 1.5565e+07
14210 1.55546e+07
14224 1.55625e+07
14238 1.55559e+07
14252 1.55618e+07
14266 1.55573e+07
14280 1.55582e+07
14294 1.55604e+07
14308 1.55563e+07
14322 1.55619e+07
14336 1.55532e+07
14350 1.55601e+07
14364 1.5556e+07
14378 1.55538e+07
14392 1.55594e+07
14406 1.55471e+07
14420 1.55619e+07
14434 1.55473e+07
14448 1.55588e+07
14462 1.55485e+07
14476 1.55569e+07
14490 1.55542e+07
14504 1.55497e+07
14518 1.5559e+07
14532 1.55488e+07
14546 1.55583e+07
14560 1.55509e+07
14574 1.55573e+07
14588 1.55513e+07
14602 1.55513e+07
14616 1.55553e+07
14630 1.55514e+07
14644 1.5555e+07
14658 1.55514e+07
14672 1.55542e+07
14686 1.5552e+07
14700 1.55523e+07
14714 1.55564e+07
14728 1.55518e+07
14742 1.55556e+07
14756 1.55515e+07
14770 1.55596e+07
14784 1.55483e+07
14798 1.55595e+07
14812 1.5548e+07
14826 1.55578e+07
14840 1.55496e+07
14854 1.55578e+07
14868 1.55516e+07
14882 1.55556e+07
14896 1.55521e+07
14910 1.55543e+07
14924 1.55526e+07
14938 1.55552e+07
14952 1.55493e+07
14966 1.55552e+07
14980 1.55493e+07
14994 1.55524e+07
15008 1.55499e+07
15022 1.55524e+07
15036 1.55511e+07
15050 1.55531e+07
15064 1.55514e+07
15078 1.5553e+07
15092 1.555e+07
15106 1.55524e+07
15120 1.55496e+07
15134 1.55507e+07
15148 1.55517e+07
15162 1.55487e+07
15176 1.55512e+07
15190 1.55456e+07
15204 1.55535e+07
15218 1.55482e+07
15232 1.55534e+07
15246 1.55496e+07
15260 1.55515e+07
15274 1.55501e+07
15288 1.55473e+07
15302 1.55511e+07
15316 1.55476e+07
15330 1.55492e+07
15344 1.55472e+07
15358 1.55499e+07
15372 1.55473e+07
15386 1.55488e+07
15400 1.55504e+07
15414 1.55469e+07
15428 1.555e+07
15442 1.55485e+07
15456 1.55457e+07
15470 1.55493e+07
15484 1.55454e+07
15498 1.55493e+07
15512 1.5544e+07
15526 1.55515e+07
15540 1.55446e+07
15554 1.55487e+07
15568 1.55457e+07
15582 1.55447e+07
15596 1.55484e+07
15610 1.55452e+07
15624 1.55504e+07
15638 1.55447e+07
15652 1.55497e+07
15666 1.55466e+07
15680 1.5546e+07
15694 1.55473e+07
15708 1.55449e+07
15722 1.5547e+07
15736 1.55447e+07
15750 1.5547e+07
15764 1.55477e+07
15778 1.55455e+07
15792 1.55486e+07
15806 1.55432e+07
15820 1.55489e+07
15834 1.55425e+07
15848 1.55464e+07
15862 1.55436e+07
15876 1.55445e+07
15890 1.5547e+07
15904 1.55425e+07
15918 1.55472e+07
15932 1.55413e+07
15946 1.55473e+07
15960 1.5542e+07
15974 1.55463e+07
15988 1.55426e+07
16002 1.55447e+07
16016 1.55441e+07
16030 1.55449e+07
16044 1.55461e+07
16058 1.55478e+07
16072 1.5545e+07
16086 1.5547e+07
16100 1.55457e+07
16114 1.55457e+07
16128 1.55433e+07
16142 1.55461e+07
16156 1.55406e+07
16170 1.55482e+07
16184 1.55393e+07
16198 1.55508e+07
16212 1.55391e+07
16226 1.5551e+07
16240 1.55422e+07
16254 1.55491e+07
16268 1.55431e+07
16282 1.55473e+07
16296 1.55434e+07
16310 1.55475e+07
16324 1.55421e+07
16338 1.55452e+07
16352 1.55426e+07
16366 1.55421e+07
16380 1.55451e+07
16394 1.55415e+07
16408 1.55472e+07
16422 1.55407e+07
16436 1.55488e+07
16450 1.55404e+07
16464 1.55431e+07
16478 1.55421e+07
16492 1.55425e+07
16506 1.55407e+07
16520 1.55425e+07
16534 1.55434e+07
16548 1.554e+07
16562 1.55432e+07
16576 1.55391e+07
16590 1.55416e+07
16604 1.55424e+07
16618 1.554e+07
16632 1.55438e+07
16646 1.55408e+07
16660 1.5544e+07
16674 1.55404e+07
16688 1.55491e+07
16702 1.55419e+07
16716 1.55482e+07
16730 1.55466e+07
16744 1.55477e+07
16758 1.55512e+07
16772 1.55522e+07
16786 1.55589e+07
16800 1.5556e+07
16814 1.5561e+07
16828 1.55631e+07
16842 1.55629e+07
16856 1.55667e+07
16870 1.55673e+07
16884 1.5568e+07
16898 1.55699e+07
16912 1.55762e+07
16926 1.55728e+07
16940 1.55711e+07
16954 1.55736e+07
16968 1.55673e+07
16982 1.55709e+07
16996 1.55621e+07
17010 1.55663e+07
17024 1.5561e+07
17038 1.55662e+07
17052 1.5561e+07
17066 1.55661e+07
17080 1.55634e+07
17094 1.55633e+07
17108 1.55613e+07
17122 1.55616e+07
17136 1.55617e+07
17150 1.55615e+07
17164 1.55634e+07
17178 1.55625e+07
17192 1.5564e+07
17206 1.55619e+07
17220 1.55667e+07
17234 1.55627e+07
17248 1.55652e+07
17262 1.55663e+07
17276 1.55685e+07
17290 1.55647e+07
17304 1.55677e+07
17318 1.55678e+07
17332 1.5564e+07
17346 1.55698e+07
17360 1.55667e+07
17374 1.55749e+07
17388 1.55752e+07
17402 1.55741e+07
17416 1.55754e+07
17430 1.55821e+07
17444 1.55839e+07
17458 1.55859e+07
17472 1.55797e+07
17486 1.55763e+07
17500 1.55769e+07
17514 1.55753e+07
17528 1.55739e+07
17542 1.55737e+07
17556 1.55701e+07
17570 1.55693e+07
17584 1.55698e+07
17598 1.55718e+07
17612 1.55693e+07
17626 1.55675e+07
17640 1.55623e+07
17654 1.5567e+07
17668 1.55657e+07
17682 1.55701e+07
17696 1.55737e+07
17710 1.5586e+07
17724 1.56029e+07
17738 1.56247e+07
17752 1.56375e+07
17766 1.56413e+07
17780 1.56305e+07
17794 1.56082e+07
17808 1.55911e+07
17822 1.5571e+07
17836 1.55689e+07
17850 1.55651e+07
17864 1.55709e+07
17878 1.55731e+07
17892 1.55755e+07
17906 1.55716e+07
17920 1.55664e+07
17934 1.55591e+07
17948 1.55545e+07
17962 1.55494e+07
17976 1.55512e+07
17990 1.55512e+07
18004 1.55532e+07
18018 1.55567e+07
18032 1.55525e+07
18046 1.55575e+07
18060 1.55537e+07
18074 1.55556e+07
18088 1.55509e+07
18102 1.55553e+07
18116 1.55468e+07
18130 1.55517e+07
18144 1.55475e+07
18158 1.55496e+07
18172 1.55469e+07
18186 1.55463e+07
18200 1.5548e+07
18214 1.55485e+07
18228 1.55554e+07
18242 1.55541e+07
18256 1.55513e+07
18270 1.55508e+07
18284 1.55509e+07
18298 1.55515e+07
18312 1.55507e+07
18326 1.55476e+07
18340 1.55473e+07
18354 1.55458e+07
18368 1.55514e+07
18382 1.55477e+07
18396 1.55507e+07
18410 1.55456e+07
18424 1.55452e+07
18438 1.5547e+07
18452 1.55491e+07
18466 1.55544e+07
18480 1.55606e+07
18494 1.55687e+07
18508 1.55746e+07
18522 1.55814e+07
18536 1.55821e+07
18550 1.55793e+07
18564 1.5573e+07
18578 1.55659e+07
18592 1.5558e+07
18606 1.55546e+07
18620 1.55547e+07
18634 1.55573e+07
18648 1.5562e+07
18662 1.55664e+07
18676 1.55744e+07
18690 1.55721e+07
18704 1.55752e+07
18718 1.55733e+07
18732 1.55727e+07
18746 1.55721e+07
18760 1.55682e+07
18774 1.55606e+07
18788 1.55476e+07
18802 1.55433e+07
18816 1.55352e+07
18830 1.55371e+07
18844 1.55388e+07
18858 1.55445e+07
18872 1.55472e+07
18886 1.55519e+07
18900 1.55488e+07
18914 1.55432e+07
18928 1.55401e+07
18942 1.55373e+07
18956 1.55386e+07
18970 1.55357e+07
18984 1.55411e+07
18998 1.55382e+07
19012 1.55415e+07
19026 1.55353e+07
19040 1.55375e+07
19054 1.55326e+07
19068 1.55366e+07
19082 1.55357e+07
19096 1.55359e+07
19110 1.55344e+07
19124 1.55323e+07
19138 1.55352e+07
19152 1.5535e+07
19166 1.55383e+07
19180 1.55343e+07
19194 1.55328e+07
19208 1.55342e+07
19222 1.55334e+07
19236 1.55362e+07
19250 1.55354e+07
19264 1.5534e+07
19278 1.55326e+07
19292 1.55307e+07
19306 1.55327e+07
19320 1.55303e+07
19334 1.55337e+07
19348 1.55318e+07
19362 1.55347e+07
19376 1.55318e+07
19390 1.55331e+07
19404 1.55289e+07
19418 1.55315e+07
19432 1.55277e+07
19446 1.55324e+07
19460 1.55285e+07
19474 1.55333e+07
19488 1.55316e+07
19502 1.55302e+07
19516 1.55312e+07
19530 1.55303e+07
19544 1.55318e+07
19558 1.5529e+07
19572 1.55339e+07
19586 1.55284e+07
19600 1.5533e+07
19614 1.55291e+07
19628 1.5531e+07
19642 1.55286e+07
19656 1.55298e+07
19670 1.55299e+07
19684 1.5528e+07
19698 1.55306e+07
19712 1.55309e+07
19726 1.55301e+07
19740 1.55303e+07
19754 1.55278e+07
19768 1.5529e+07
19782 1.55269e+07
19796 1.55294e+07
19810 1.55267e+07
19824 1.5529e+07
19838 1.55288e+07
19852 1.55285e+07
19866 1.55293e+07
19880 1.553e+07
19894 1.55294e+07
19908 1.55305e+07
19922 1.55292e+07
19936 1.55282e+07
19950 1.55248e+07
19964 1.55273e+07
19978 1.55272e+07
19992 1.55269e+07
20006 1.55287e+07
20020 1.55283e+07
20034 1.55267e+07
20048 1.55267e+07
20062 1.55284e+07
20076 1.55257e+07
20090 1.55291e+07
20104 1.55246e+07
20118 1.55276e+07
20132 1.55242e+07
20146 1.55289e+07
20160 1.55235e+07
20174 1.55268e+07
20188 1.55248e+07
20202 1.55252e+07
20216 1.55248e+07
20230 1.55232e+07
20244 1.55278e+07
20258 1.55231e+07
20272 1.55254e+07
20286 1.55219e+07
20300 1.55249e+07
20314 1.55214e+07
20328 1.55223e+07
20342 1.55212e+07
20356 1.55187e+07
20370 1.55221e+07
20384 1.55166e+07
20398 1.55203e+07
20412 1.55163e+07
20426 1.552e+07
20440 1.55151e+07
20454 1.55173e+07
20468 1.55156e+07
20482 1.55148e+07
20496 1.55139e+07
20510 1.55092e+07
20524 1.55107e+07
20538 1.55049e+07
20552 1.55055e+07
20566 1.55022e+07
20580 1.55014e+07
20594 1.55025e+07
20608 1.55016e+07
20622 1.55013e+07
20636 1.55003e+07
20650 1.54993e+07
20664 1.54965e+07
20678 1.54938e+07
20692 1.549e+07
20706 1.54852e+07
20720 1.54798e+07
20734 1.54745e+07
20748 1.54695e+07
20762 1.54651e+07
20776 1.54631e+07
20790 1.54618e+07
20804 1.54608e+07
20818 1.54613e+07
20832 1.54587e+07
20846 1.54571e+07
20860 1.54525e+07
20874 1.54476e+07
20888 1.5442e+07
20902 1.54301e+07
20916 1.54225e+07
20930 1.54053e+07
20944 1.5396e+07
20958 1.5382e+07
20972 1.53754e+07
20986 1.53697e+07
21000 1.53684e+07
21014 1.53694e+07
21028 1.53652e+07
21042 1.53638e+07
21056 1.53561e+07
21070 1.53487e+07
21084 1.53371e+07
21098 1.53195e+07
21112 1.53043e+07
21126 1.52782e+07
21140 1.52561e+07
21154 1.52268e+07
21168 1.52052e+07
21182 1.51846e+07
21196 1.51767e+07
21210 1.51752e+07
21224 1.51735e+07
21238 1.51666e+07
21252 1.51556e+07
21266 1.51482e+07
21280 1.51319e+07
21294 1.51091e+07
21308 1.50823e+07
21322 1.50541e+07
21336 1.50142e+07
21350 1.49679e+07
21364 1.49233e+07
21378 1.48736e+07
21392 1.48363e+07
21406 1.4819e+07
21420 1.48163e+07
21434 1.48089e+07
21448 1.4792e+07
21462 1.47775e+07
21476 1.47673e+07
21490 1.47422e+07
21504 1.46987e+07
21518 1.46594e+07
21532 1.46183e+07
21546 1.45475e+07
21560 1.44802e+07
21574 1.44102e+07
21588 1.43267e+07
21602 1.42705e+07
21616 1.42422e+07
21630 1.4243e+07
21644 1.42247e+07
21658 1.41966e+07
21672 1.41745e+07
21686 1.41695e+07
21700 1.41287e+07
21714 1.40535e+07
21728 1.40029e+07
21742 1.39427e+07
21756 1.38371e+07
21770 1.37345e+07
21784 1.36341e+07
21798 1.34979e+07
21812 1.34158e+07
21826 1.3368e+07
21840 1.33565e+07
21854 1.33201e+07
21868 1.32535e+07
21882 1.32315e+07
21896 1.32181e+07
21910 1.31657e+07
21924 1.30516e+07
21938 1.29817e+07
21952 1.29017e+07
21966 1.2759e+07
21980 1.26353e+07
21994 1.2502e+07
22008 1.23241e+07
22022 1.22186e+07
22036 1.21633e+07
22050 1.21467e+07
22064 1.20778e+07
22078 1.19708e+07
22092 1.19329e+07
22106 1.19221e+07
22120 1.18647e+07
22134 1.17369e+07
22148 1.16482e+07
22162 1.1543e+07
22176 1.1366e+07
22190 1.12049e+07
22204 1.10268e+07
22218 1.08401e+07
22232 1.07257e+07
22246 1.06692e+07
22260 1.0637e+07
22274 1.05125e+07
22288 1.03574e+07
22302 1.03105e+07
22316 1.02978e+07
22330 1.02292e+07
22344 1.00827e+07
22358 9.98715e+06
22372 9.8332e+06
22386 9.65821e+06
22400 9.47882e+06
22414 9.26753e+06
22428 9.07881e+06
22442 8.98614e+06
22456 8.95959e+06
22470 8.87092e+06
22484 8.68984e+06
22498 8.57611e+06
22512 8.57463e+06
22526 8.5505e+06
22540 8.46441e+06
22554 8.33203e+06
22568 8.19021e+06
22582 7.94704e+06
22596 7.7492e+06
22610 7.54942e+06
22624 7.3124e+06
22638 7.18776e+06
22652 7.12031e+06
22666 7.06997e+06
22680 6.89463e+06
22694 6.72693e+06
22708 6.68637e+06
22722 6.6711e+06
22736 6.56664e+06
22750 6.36427e+06
22764 6.24575e+06
22778 6.1001e+06
22792 5.91167e+06
22806 5.739e+06
22820 5.51558e+06
22834 5.35525e+06
22848 5.31609e+06
22862 5.27768e+06
22876 5.13122e+06
22890 5.01332e+06
22904 4.96629e+06
22918 4.9583e+06
22932 4.84927e+06
22946 4.68988e+06
22960 4.57464e+06
22974 4.43987e+06
22988 4.26536e+06
23002 4.12745e+06
23016 3.92021e+06
23030 3.78833e+06
23044 3.76748e+06
23058 3.7343e+06
23072 3.57793e+06
23086 3.49642e+06
23100 3.48284e+06
23114 3.47264e+06
23128 3.35196e+06
23142 3.19318e+06
23156 3.10358e+06
23170 3.01003e+06
23184 2.81893e+06
23198 2.6954e+06
23212 2.54401e+06
23226 2.47067e+06
23240 2.45717e+06
23254 2.42416e+06
23268 2.29911e+06
23282 2.25167e+06
23296 2.24516e+06
23310 2.21618e+06
23324 2.09375e+06
23338 2.00446e+06
23352 1.9434e+06
23366 1.84984e+06
23380 1.71852e+06
23394 1.62706e+06
23408 1.52413e+06
23422 1.49939e+06
23436 1.49258e+06
23450 1.45769e+06
23464 1.40188e+06
23478 1.38745e+06
23492 1.38212e+06
23506 1.33791e+06
23520 1.26522e+06
23534 1.2258e+06
23548 1.16808e+06
23562 1.08836e+06
23576 1.01532e+06
23590 936034
23604 873195
23618 877933
23632 889425
23646 883465
23660 872677
23674 859559
23688 845237
23702 792241
23716 735290
23730 685894
23744 632156
23758 556132
23772 519235
23786 479043
23800 471072
23814 470434
23828 475356
23842 460745
23856 452708
23870 439935
23884 418247
23898 390776
23912 368217
23926 354832
23940 329110
23954 299340
23968 277209
23982 256550
23996 253231
24010 250634
24024 248739
24038 242818
24052 235822
24066 232526
24080 219867
24094 216115
24108 202508
24122 192179
24136 173786
24150 164622
24164 157558
24178 149727
24192 149791
24206 143438
24220 146265
24234 142819
24248 144514
24262 142160
24276 135307
24290 131228
24304 119815
24318 119500
24332 110794
24346 109098
24360 105979
24374 103741
24388 103548
24402 98374.4
24416 101138
24430 95399.2
24444 99113.5
24458 92871.2
24472 94832.1
24486 91216.9
24500 90670.7
24514 89567
24528 84725.1
24542 85675.7
24556 78833
24570 84263.1
24584 79222
24598 81735.9
24612 81492.9
24626 78561.4
24640 81789.5
24654 75012
24668 79928.2
24682 74305.2
24696 75271.8
24710 74084.1
24724 69325.8
24738 73332.7
24752 67512
24766 73376.7
24780 69492.8
24794 74483.5
24808 70962
24822 70869.8
24836 71883.4
24850 68370.3
24864 72042.2
24878 69485.2
24892 70036.8
24906 70946.1
24920 68960.4
24934 70289.4
24948 68274.7
24962 67897.6
24976 66917.3
24990 66877.5
25004 66425.1
25018 66110.9
25032 65638.9
25046 64858.7
25060 65265.4
25074 64009.1
25088 65156.1
25102 65979.8
25116 65203.6
25130 66468.6
25144 64437.1
25158 65700
25172 62931.1
25186 64328.8
25200 62755.6
25214 62581.8
25228 63159.6
25242 61301.2
25256 64597.2
25270 59516.3
25284 63879.3
25298 59441.9
25312 62572.6
25326 60802
25340 62038.1
25354 60370.8
25368 61441.2
25382 60507.7
25396 60057.1
25410 60865.8
25424 59731.5
25438 59569.1
25452 58813.3
25466 59548
25480 57959.6
25494 60729.4
25508 58476.9
25522 61334
25536 59058.8
25550 60482.3
25564 59536.7
25578 57683.7
25592 60425.3
25606 57518.8
25620 59750.6
25634 58507.5
25648 57907.7
25662 58871.6
25676 56310.8
25690 59960.6
25704 54798.4
25718 59164
25732 55549.7
25746 56868.7
25760 57514.3
25774 55602.9
25788 59569.5
25802 55823.7
25816 59948.4
25830 55399.5
25844 58064.9
25858 55105.4
25872 56996.7
25886 56142.8
25900 56477
25914 56916.9
25928 55340.7
25942 56976.7
25956 55761.7
25970 55625.5
25984 56724.1
25998 55069.9
26012 58214.1
26026 53359.2
26040 58134.5
26054 53389.6
26068 56645.2
26082 55169.4
26096 56334.2
26110 56166.1
26124 55676
26138 56240.3
26152 55918.2
26166 56215.8
26180 56480.6
26194 54705.4
26208 57604.8
26222 53310.1
26236 57155.3
26250 53447
26264 56979.2
26278 54230.1
26292 55457.7
26306 55170.9
26320 55193.2
26334 54687.4
26348 54500.5
26362 56796
26376 55990
26390 58219.7
26404 58816.6
26418 59766.4
26432 63146.9
26446 63429.7
26460 69551.3
26474 69776.4
26488 73774.4
26502 75755.7
26516 78504.5
26530 82480
26544 82916.7
26558 87223.6
26572 86462.8
26586 88031.1
26600 88640.9
26614 89277.4
26628 88765.8
26642 90006.5
26656 87739.7
26670 88556.3
26684 87321.9
26698 86644.9
26712 86102.3
26726 85371.1
26740 87803.6
26754 85240.3
26768 91616.6
26782 86343.1
26796 91719.3
26810 89547.3
26824 90780.5
26838 89189.2
26852 89879.1
26866 86849.8
26880 87238.6
26894 87480.3
26908 88285.2
26922 90405.2
26936 90973.7
26950 94217.5
26964 93124
26978 93665.8
26992 89897.2
27006 89398.1
27020 86210.9
27034 86584
27048 85560
27062 85473.5
27076 86620.3
27090 84413
27104 86584.2
27118 84695.1
27132 86847.6
27146 85979.5
27160 90671.7
27174 92414.4
27188 99277.5
27202 106192
27216 113669
27230 122799
27244 127285
27258 125149
27272 117751
27286 109949
27300 105983
27314 101655
27328 96845.5
27342 94779
27356 90489.2
27370 85773.3
27384 82911.2
27398 78819.5
27412 79761.4
27426 79109.3
27440 80751.5
27454 81022.8
27468 81535.4
27482 80329.7
27496 79631.7
27510 79306.8
27524 78051.1
27538 77948.5
27552 78842.7
27566 77762.5
27580 77252.7
27594 72912.6
27608 72331.7
27622 69130.1
27636 69651.4
27650 69087.9
27664 68037.3
27678 68027.8
27692 69830.8
27706 68252.8
27720 69166
27734 65856.2
27748 66714.8
27762 66476.3
27776 66836.7
27790 65861.1
27804 65410.4
27818 65692.3
27832 66398.5
27846 67628.6
27860 67107.3
27874 65550.5
27888 66848.8
27902 66443.2
27916 65561
27930 65411.1
27944 63297.2
27958 64369.7
27972 64177.8
27986 64143.1
28000 61520.9
28014 61888.6
28028 62638.2
28042 62850.4
28056 62613.2
28070 61070.9
28084 60927.2
28098 59884.8
28112 61387.6
28126 58451.1
28140 59131.6
28154 56437.4
28168 56491.8
28182 56507.7
28196 58568.1
28210 60932.3
28224 58849
28238 61786.5
28252 59520.3
28266 62283.9
28280 61009.8
28294 61141
28308 60235
28322 58603
28336 59000
28350 59786.7
28364 61043.8
28378 60697.9
28392 63741.5
28406 60048.6
28420 61993.5
28434 58825.9
28448 64764.4
28462 68464
28476 76575.3
28490 84677.8
28504 85159.7
28518 84754.7
28532 77401.2
28546 70889
28560 62924
28574 59160.4
28588 57004.8
28602 61553
28616 70460.8
28630 88209
28644 105223
28658 122245
28672 127700
28686 123717
28700 109244
28714 91046.2
28728 74729.1
28742 61961.7
28756 55530.1
28770 52943.3
28784 52502.1
28798 56625.2
28812 61726.8
28826 67139.8
28840 68864.7
28854 66815.8
28868 64988.4
28882 61382.1
28896 63228.8
28910 61824.6
28924 63418.2
28938 60293
28952 57001.1
28966 53520.1
28980 51572.7
28994 52747.4
29008 51671.8
29022 55322.6
29036 52909.7
29050 55272.9
29064 52316.3
29078 52432
29092 50041.1
29106 48946.6
29120 50268.9
29134 47768.6
29148 50243.7
29162 47489.1
29176 48974.6
29190 48443.4
29204 48696.3
29218 50153.9
29232 49531
29246 48916.4
29260 48289.5
29274 47579.1
29288 46933.9
29302 46672.5
29316 47620.7
29330 46867.4
29344 45842.9
29358 47031.6
29372 45931.2
29386 46848.8
29400 46430
29414 46664
29428 45739.4
29442 45830.1
29456 47645.1
29470 45391.7
29484 46885.9
29498 46374.8
29512 46408.2
29526 46190.6
29540 46863.1
29554 46194.4
29568 45246.8
29582 44631.5
29596 44736.4
29610 44088.4
29624 46858.9
29638 43840.3
29652 46282.8
29666 45236.4
29680 45049.4
29694 45758
29708 45312.9
29722 46095.5
29736 43424.8
29750 44486
29764 42995
29778 42857.2
29792 43712.8
29806 42964.9
29820 43945.1
29834 42755.9
29848 44436
29862 42814.3
29876 44987.3
29890 44999.3
29904 44064.4
29918 45135.1
29932 44005.5
29946 43811.7
29960 42363.2
29974 43865.3
