0 5.29525e+06
71 5.29526e+06
142 5.29526e+06
213 5.29526e+06
284 5.29526e+06
355 5.29526e+06
426 5.29526e+06
497 5.29526e+06
568 5.29526e+06
639 5.29526e+06
710 5.29526e+06
781 5.29526e+06
852 5.29526e+06
923 5.29526e+06
994 5.29526e+06
1065 5.29526e+06
1136 5.29526e+06
1207 5.29526e+06
1278 5.29526e+06
1349 5.29526e+06
1420 5.29526e+06
1491 5.29526e+06
1562 5.29526e+06
1633 5.29526e+06
1704 5.29526e+06
1775 5.29526e+06
1846 5.29526e+06
1917 5.29526e+06
1988 5.29526e+06
2059 5.29526e+06
2130 5.29526e+06
2201 5.29526e+06
2272 5.29526e+06
2343 5.29526e+06
2414 5.29526e+06
2485 5.29526e+06
2556 5.29526e+06
2627 5.29526e+06
2698 5.29526e+06
2769 5.29526e+06
2840 5.29526e+06
2911 5.29526e+06
2982 5.29526e+06
3053 5.29526e+06
3124 5.29526e+06
3195 5.29526e+06
3266 5.29526e+06
3337 5.29526e+06
3408 5.29526e+06
3479 5.29526e+06
3550 5.29526e+06
3621 5.29526e+06
3692 5.29526e+06
3763 5.29526e+06
3834 5.29526e+06
3905 5.29526e+06
3976 5.29526e+06
4047 5.29526e+06
4118 5.29526e+06
4189 5.29526e+06
4260 5.29526e+06
4331 5.29526e+06
4402 5.29526e+06
4473 5.29526e+06
4544 5.29526e+06
4615 5.29526e+06
4686 5.29526e+06
4757 5.29526e+06
4828 5.29526e+06
4899 5.29526e+06
4970 5.29526e+06
5041 5.29526e+06
5112 5.29526e+06
5183 5.29526e+06
5254 5.29526e+06
5325 5.29526e+06
5396 5.29526e+06
5467 5.29526e+06
5538 5.29526e+06
5609 5.29526e+06
5680 5.29526e+06
5751 5.29526e+06
5822 5.29526e+06
5893 5.29526e+06
5964 5.29526e+06
6035 5.29526e+06
6106 5.29526e+06
6177 5.29526e+06
6248 5.29526e+06
6319 5.29526e+06
6390 5.29526e+06
6461 5.29526e+06
6532 5.29526e+06
6603 5.29526e+06
6674 5.29526e+06
6745 5.29526e+06
6816 5.29526e+06
6887 5.29526e+06
6958 5.29526e+06
7029 5.29526e+06
7100 5.29526e+06
7171 5.29526e+06
7242 5.29526e+06
7313 5.29526e+06
7384 5.29526e+06
7455 5.29526e+06
7526 5.29526e+06
7597 5.29526e+06
7668 5.29526e+06
7739 5.29526e+06
7810 5.29526e+06
7881 5.29526e+06
7952 5.29526e+06
8023 5.29526e+06
8094 5.29526e+06
8165 5.29526e+06
8236 5.29526e+06
8307 5.29526e+06
8378 5.29526e+06
8449 5.29526e+06
8520 5.29526e+06
8591 5.29526e+06
8662 5.29526e+06
8733 5.29526e+06
8804 5.29526e+06
8875 5.29526e+06
8946 5.29526e+06
9017 5.29526e+06
9088 5.29526e+06
9159 5.29526e+06
9230 5.29526e+06
9301 5.29526e+06
9372 5.29526e+06
9443 5.29526e+06
9514 5.29526e+06
9585 5.29526e+06
9656 5.29526e+06
9727 5.29526e+06
9798 5.29526e+06
9869 5.29526e+06
9940 5.29526e+06
10011 5.29526e+06
10082 5.29526e+06
10153 5.29526e+06
10224 5.29526e+06
10295 5.29526e+06
10366 5.29526e+06
10437 5.29526e+06
10508 5.29526e+06
10579 5.29526e+06
10650 5.29526e+06
10721 5.29526e+06
10792 5.29526e+06
10863 5.29526e+06
10934 5.29526e+06
11005 5.29526e+06
11076 5.29526e+06
11147 5.29526e+06
11218 5.29526e+06
11289 5.29526e+06
11360 5.29526e+06
11431 5.29526e+06
11502 5.29526e+06
11573 5.29526e+06
11644 5.29526e+06
11715 5.29526e+06
11786 5.29526e+06
11857 5.29526e+06
11928 5.29526e+06
11999 5.29526e+06
12070 5.29526e+06
12141 5.29526e+06
12212 5.29526e+06
12283 5.29526e+06
12354 5.29526e+06
12425 5.29526e+06
12496 5.29526e+06
12567 5.29526e+06
12638 5.29526e+06
12709 5.29526e+06
12780 5.29526e+06
12851 5.29526e+06
12922 5.29526e+06
12993 5.29526e+06
13064 5.29526e+06
13135 5.29526e+06
13206 5.29526e+06
13277 5.29526e+06
13348 5.29526e+06
13419 5.29526e+06
13490 5.29526e+06
13561 5.29526e+06
13632 5.29526e+06
13703 5.29526e+06
13774 5.29526e+06
13845 5.29527e+06
13916 5.29526e+06
13987 5.29527e+06
14058 5.29526e+06
14129 5.29526e+06
14200 5.29526e+06
14271 5.29526e+06
14342 5.29527e+06
14413 5.29526e+06
14484 5.29526e+06
14555 5.29526e+06
14626 5.29526e+06
14697 5.29527e+06
14768 5.29526e+06
14839 5.29526e+06
14910 5.29527e+06
14981 5.29526e+06
15052 5.29527e+06
15123 5.29526e+06
15194 5.29526e+06
15265 5.29527e+06
15336 5.29527e+06
15407 5.29527e+06
15478 5.29527e+06
15549 5.29526e+06
15620 5.29527e+06
15691 5.29527e+06
15762 5.29526e+06
15833 5.29527e+06
15904 5.29527e+06
15975 5.29527e+06
16046 5.29527e+06
16117 5.29527e+06
16188 5.29527e+06
16259 5.29527e+06
16330 5.29527e+06
16401 5.29527e+06
16472 5.29527e+06
16543 5.29527e+06
16614 5.29527e+06
16685 5.29526e+06
16756 5.29527e+06
16827 5.29527e+06
16898 5.29527e+06
16969 5.29527e+06
17040 5.29527e+06
17111 5.29527e+06
17182 5.29527e+06
17253 5.29527e+06
17324 5.29527e+06
17395 5.29527e+06
17466 5.29527e+06
17537 5.29527e+06
17608 5.29527e+06
17679 5.29527e+06
17750 5.29527e+06
17821 5.29527e+06
17892 5.29527e+06
17963 5.29527e+06
18034 5.29527e+06
18105 5.29527e+06
18176 5.29527e+06
18247 5.29527e+06
18318 5.29527e+06
18389 5.29527e+06
18460 5.29527e+06
18531 5.29527e+06
18602 5.29527e+06
18673 5.29527e+06
18744 5.29527e+06
18815 5.29527e+06
18886 5.29527e+06
18957 5.29527e+06
19028 5.29527e+06
19099 5.29527e+06
19170 5.29527e+06
19241 5.29527e+06
19312 5.29527e+06
19383 5.29527e+06
19454 5.29527e+06
19525 5.29527e+06
19596 5.29527e+06
19667 5.29527e+06
19738 5.29527e+06
19809 5.29527e+06
19880 5.29527e+06
19951 5.29527e+06
20022 5.29527e+06
20093 5.29527e+06
20164 5.29527e+06
20235 5.29527e+06
20306 5.29527e+06
20377 5.29527e+06
20448 5.29527e+06
20519 5.29527e+06
20590 5.29527e+06
20661 5.29527e+06
20732 5.29527e+06
20803 5.29527e+06
20874 5.29527e+06
20945 5.29526e+06
21016 5.29527e+06
21087 5.29527e+06
21158 5.29527e+06
21229 5.29527e+06
21300 5.29526e+06
21371 5.29525e+06
21442 5.29524e+06
21513 5.29522e+06
21584 5.2952e+06
21655 5.29521e+06
21726 5.29524e+06
21797 5.29526e+06
21868 5.29521e+06
21939 5.29499e+06
22010 5.29459e+06
22081 5.29403e+06
22152 5.29345e+06
22223 5.29308e+06
22294 5.29317e+06
22365 5.29396e+06
22436 5.29509e+06
22507 5.29351e+06
22578 5.29146e+06
22649 5.2892e+06
22720 5.28106e+06
22791 5.28016e+06
22862 5.27583e+06
22933 5.26953e+06
23004 5.27175e+06
23075 5.27595e+06
23146 5.27432e+06
23217 5.21891e+06
23288 5.16713e+06
23359 5.16158e+06
23430 5.14953e+06
23501 5.11101e+06
23572 5.07857e+06
23643 5.07077e+06
23714 5.07395e+06
23785 5.06604e+06
23856 5.07544e+06
23927 4.97712e+06
23998 4.57662e+06
24069 4.26488e+06
24140 4.10457e+06
24211 4.02406e+06
24282 4.06914e+06
24353 4.24405e+06
24424 4.42347e+06
24495 4.50443e+06
24566 4.41261e+06
24637 4.17915e+06
24708 3.69235e+06
24779 3.32201e+06
24850 3.27798e+06
24921 3.53398e+06
24992 3.76339e+06
25063 4.04477e+06
25134 4.24103e+06
25205 4.20817e+06
25276 3.95643e+06
25347 3.78483e+06
25418 3.75726e+06
25489 3.98073e+06
25560 4.23197e+06
25631 4.35239e+06
25702 4.34204e+06
25773 4.35305e+06
25844 4.429e+06
25915 4.46304e+06
25986 4.48867e+06
26057 4.52149e+06
26128 4.51261e+06
26199 4.52481e+06
26270 4.51248e+06
26341 4.51155e+06
26412 4.50528e+06
26483 4.47867e+06
26554 4.53823e+06
26625 4.51362e+06
26696 4.51349e+06
26767 4.52077e+06
26838 4.47425e+06
26909 4.50985e+06
26980 4.51356e+06
27051 4.50046e+06
27122 4.51901e+06
27193 4.48076e+06
27264 4.52258e+06
27335 4.50991e+06
27406 4.52184e+06
27477 4.51217e+06
27548 4.51332e+06
27619 4.50139e+06
27690 4.53702e+06
27761 4.497e+06
27832 4.51076e+06
27903 4.48878e+06
27974 4.50413e+06
28045 4.52333e+06
28116 4.51093e+06
28187 4.50469e+06
28258 4.49539e+06
28329 4.51408e+06
28400 4.51304e+06
28471 4.50977e+06
28542 4.4934e+06
28613 4.50941e+06
28684 4.499e+06
28755 4.50052e+06
28826 4.48936e+06
28897 4.49617e+06
28968 4.4964e+06
29039 4.50529e+06
29110 4.49562e+06
29181 4.4978e+06
29252 4.49514e+06
29323 4.50171e+06
29394 4.49934e+06
29465 4.49061e+06
29536 4.50012e+06
29607 4.49372e+06
29678 4.50227e+06
29749 4.49535e+06
29820 4.50406e+06
29891 4.49387e+06
29962 4.50315e+06
30033 4.4931e+06
30104 4.50831e+06
30175 4.48968e+06
30246 4.5092e+06
30317 4.49371e+06
30388 4.50632e+06
30459 4.50218e+06
30530 4.50414e+06
30601 4.49933e+06
30672 4.50114e+06
30743 4.50259e+06
30814 4.49954e+06
30885 4.5005e+06
30956 4.50299e+06
31027 4.50582e+06
31098 4.50345e+06
31169 4.50061e+06
31240 4.50098e+06
31311 4.499e+06
31382 4.5041e+06
31453 4.50075e+06
31524 4.50385e+06
31595 4.50681e+06
31666 4.50168e+06
31737 4.50537e+06
31808 4.49711e+06
31879 4.5055e+06
31950 4.49909e+06
32021 4.49973e+06
32092 4.50728e+06
32163 4.50023e+06
32234 4.50769e+06
32305 4.5027e+06
32376 4.50884e+06
32447 4.4972e+06
32518 4.49862e+06
32589 4.4975e+06
32660 4.50343e+06
32731 4.50444e+06
32802 4.50317e+06
32873 4.50805e+06
32944 4.49931e+06
33015 4.50382e+06
33086 4.49913e+06
33157 4.50944e+06
33228 4.50609e+06
33299 4.50615e+06
33370 4.50504e+06
33441 4.50044e+06
33512 4.50821e+06
33583 4.50096e+06
33654 4.50613e+06
33725 4.49936e+06
33796 4.50398e+06
33867 4.50614e+06
33938 4.50102e+06
34009 4.50752e+06
34080 4.50044e+06
34151 4.50784e+06
34222 4.49792e+06
34293 4.50166e+06
34364 4.5017e+06
34435 4.49882e+06
34506 4.50878e+06
34577 4.50188e+06
34648 4.50924e+06
34719 4.49876e+06
34790 4.50646e+06
34861 4.49887e+06
34932 4.50489e+06
35003 4.50162e+06
35074 4.50414e+06
35145 4.50132e+06
35216 4.50374e+06
35287 4.50346e+06
35358 4.50564e+06
35429 4.50531e+06
35500 4.50676e+06
35571 4.50373e+06
35642 4.50201e+06
35713 4.5027e+06
35784 4.50206e+06
35855 4.50311e+06
35926 4.50032e+06
35997 4.5023e+06
36068 4.50593e+06
36139 4.5043e+06
36210 4.50497e+06
36281 4.50642e+06
36352 4.50369e+06
36423 4.50187e+06
36494 4.50188e+06
36565 4.5016e+06
36636 4.50295e+06
36707 4.49985e+06
36778 4.5045e+06
36849 4.50023e+06
36920 4.50827e+06
36991 4.50449e+06
37062 4.50684e+06
37133 4.5033e+06
37204 4.50351e+06
37275 4.50678e+06
37346 4.50072e+06
37417 4.5081e+06
37488 4.49668e+06
37559 4.50578e+06
37630 4.49884e+06
37701 4.50457e+06
37772 4.50275e+06
37843 4.50842e+06
37914 4.50574e+06
37985 4.50767e+06
38056 4.50211e+06
38127 4.50397e+06
38198 4.49973e+06
38269 4.50329e+06
38340 4.49867e+06
38411 4.50074e+06
38482 4.50436e+06
38553 4.50141e+06
38624 4.50739e+06
38695 4.50361e+06
38766 4.51079e+06
38837 4.50002e+06
38908 4.50663e+06
38979 4.50146e+06
39050 4.50049e+06
39121 4.506e+06
39192 4.49765e+06
39263 4.5059e+06
39334 4.50523e+06
39405 4.51148e+06
39476 4.5134e+06
39547 4.51281e+06
39618 4.51759e+06
39689 4.5161e+06
39760 4.52297e+06
39831 4.51785e+06
39902 4.52383e+06
39973 4.52058e+06
40044 4.52998e+06
40115 4.53298e+06
40186 4.54134e+06
40257 4.55185e+06
40328 4.56121e+06
40399 4.57254e+06
40470 4.57128e+06
40541 4.57561e+06
40612 4.56565e+06
40683 4.56812e+06
40754 4.56324e+06
40825 4.56605e+06
40896 4.57235e+06
40967 4.57063e+06
41038 4.57706e+06
41109 4.56647e+06
41180 4.56157e+06
41251 4.55153e+06
41322 4.54599e+06
41393 4.53986e+06
41464 4.53342e+06
41535 4.52849e+06
41606 4.52285e+06
41677 4.52395e+06
41748 4.51721e+06
41819 4.5275e+06
41890 4.52525e+06
41961 4.54138e+06
42032 4.54753e+06
42103 4.55481e+06
42174 4.55711e+06
42245 4.53854e+06
42316 4.54024e+06
42387 4.51639e+06
42458 4.52544e+06
42529 4.51536e+06
42600 4.51623e+06
42671 4.52416e+06
42742 4.51517e+06
42813 4.52171e+06
42884 4.51017e+06
42955 4.51689e+06
43026 4.51304e+06
43097 4.51472e+06
43168 4.51554e+06
43239 4.5067e+06
43310 4.51508e+06
43381 4.50578e+06
43452 4.51389e+06
43523 4.50647e+06
43594 4.50753e+06
43665 4.50382e+06
43736 4.50239e+06
43807 4.50011e+06
43878 4.49838e+06
43949 4.50049e+06
44020 4.49409e+06
44091 4.49449e+06
44162 4.49542e+06
44233 4.49341e+06
44304 4.49501e+06
44375 4.49069e+06
44446 4.49737e+06
44517 4.48626e+06
44588 4.49935e+06
44659 4.48476e+06
44730 4.49145e+06
44801 4.48892e+06
44872 4.48789e+06
44943 4.49251e+06
45014 4.48364e+06
45085 4.48737e+06
45156 4.48364e+06
45227 4.47924e+06
45298 4.48862e+06
45369 4.47625e+06
45440 4.4878e+06
45511 4.4788e+06
45582 4.48197e+06
45653 4.4828e+06
45724 4.4781e+06
45795 4.48147e+06
45866 4.47557e+06
45937 4.47876e+06
46008 4.47741e+06
46079 4.47424e+06
46150 4.47932e+06
46221 4.4768e+06
46292 4.48118e+06
46363 4.47959e+06
46434 4.47775e+06
46505 4.47816e+06
46576 4.47348e+06
46647 4.47757e+06
46718 4.47608e+06
46789 4.47786e+06
46860 4.48064e+06
46931 4.47761e+06
47002 4.47852e+06
47073 4.4732e+06
47144 4.47544e+06
47215 4.4734e+06
47286 4.47289e+06
47357 4.47472e+06
47428 4.47144e+06
47499 4.47073e+06
47570 4.46902e+06
47641 4.46931e+06
47712 4.47094e+06
47783 4.46781e+06
47854 4.47246e+06
47925 4.46813e+06
47996 4.46715e+06
48067 4.46908e+06
48138 4.46778e+06
48209 4.46723e+06
48280 4.46918e+06
48351 4.4667e+06
48422 4.46677e+06
48493 4.46529e+06
48564 4.4648e+06
48635 4.46596e+06
48706 4.46402e+06
48777 4.46531e+06
48848 4.46492e+06
48919 4.46372e+06
48990 4.46633e+06
49061 4.46319e+06
49132 4.46486e+06
49203 4.46442e+06
49274 4.46194e+06
49345 4.46623e+06
49416 4.46184e+06
49487 4.46506e+06
49558 4.46281e+06
49629 4.46379e+06
49700 4.46553e+06
49771 4.46171e+06
49842 4.46749e+06
49913 4.46183e+06
49984 4.46619e+06
50055 4.46421e+06
50126 4.46308e+06
50197 4.46698e+06
50268 4.46196e+06
50339 4.46577e+06
50410 4.46275e+06
50481 4.46232e+06
50552 4.46537e+06
50623 4.45985e+06
50694 4.46434e+06
50765 4.46073e+06
50836 4.46252e+06
50907 4.46394e+06
50978 4.46104e+06
51049 4.46307e+06
51120 4.46227e+06
51191 4.46051e+06
51262 4.46335e+06
51333 4.45892e+06
51404 4.46204e+06
51475 4.45908e+06
51546 4.46333e+06
51617 4.45893e+06
51688 4.46139e+06
51759 4.45753e+06
51830 4.46072e+06
51901 4.45866e+06
51972 4.45966e+06
52043 4.45994e+06
52114 4.45809e+06
52185 4.46094e+06
52256 4.45816e+06
52327 4.46018e+06
52398 4.45794e+06
52469 4.45947e+06
52540 4.46106e+06
52611 4.459e+06
52682 4.45855e+06
52753 4.45682e+06
52824 4.45897e+06
52895 4.45837e+06
52966 4.45755e+06
53037 4.45823e+06
53108 4.4528e+06
53179 4.46042e+06
53250 4.45666e+06
53321 4.46187e+06
53392 4.46152e+06
53463 4.4603e+06
53534 4.46153e+06
53605 4.45993e+06
53676 4.46003e+06
53747 4.45641e+06
53818 4.45657e+06
53889 4.45634e+06
53960 4.45778e+06
54031 4.4591e+06
54102 4.45609e+06
54173 4.45636e+06
54244 4.45617e+06
54315 4.45632e+06
54386 4.45795e+06
54457 4.45798e+06
54528 4.45652e+06
54599 4.45808e+06
54670 4.45827e+06
54741 4.45685e+06
54812 4.45736e+06
54883 4.45667e+06
54954 4.45792e+06
55025 4.45519e+06
55096 4.46043e+06
55167 4.4561e+06
55238 4.46293e+06
55309 4.46042e+06
55380 4.4684e+06
55451 4.46943e+06
55522 4.4817e+06
55593 4.48314e+06
55664 4.49527e+06
55735 4.49653e+06
55806 4.50034e+06
55877 4.50113e+06
55948 4.50026e+06
56019 4.50574e+06
56090 4.50391e+06
56161 4.51205e+06
56232 4.51304e+06
56303 4.51674e+06
56374 4.51824e+06
56445 4.51286e+06
56516 4.51059e+06
56587 4.50095e+06
56658 4.49844e+06
56729 4.49359e+06
56800 4.49144e+06
56871 4.4882e+06
56942 4.48788e+06
57013 4.48529e+06
57084 4.48577e+06
57155 4.48417e+06
57226 4.48755e+06
57297 4.48421e+06
57368 4.49161e+06
57439 4.49346e+06
57510 4.50178e+06
57581 4.50627e+06
57652 4.50976e+06
57723 4.50621e+06
57794 4.50084e+06
57865 4.49842e+06
57936 4.49368e+06
58007 4.49494e+06
58078 4.4927e+06
58149 4.4945e+06
58220 4.49297e+06
58291 4.4927e+06
58362 4.48869e+06
58433 4.48414e+06
58504 4.48332e+06
58575 4.4796e+06
58646 4.48045e+06
58717 4.47542e+06
58788 4.47681e+06
58859 4.47368e+06
58930 4.47842e+06
59001 4.47313e+06
59072 4.47736e+06
59143 4.47188e+06
59214 4.47572e+06
59285 4.47265e+06
59356 4.47287e+06
59427 4.47299e+06
59498 4.47201e+06
59569 4.47185e+06
59640 4.47026e+06
59711 4.47004e+06
59782 4.46904e+06
59853 4.47048e+06
59924 4.46853e+06
59995 4.46819e+06
60066 4.46727e+06
60137 4.46706e+06
60208 4.46822e+06
60279 4.46649e+06
60350 4.46615e+06
60421 4.46377e+06
60492 4.46401e+06
60563 4.46321e+06
60634 4.46317e+06
60705 4.4616e+06
60776 4.46354e+06
60847 4.46276e+06
60918 4.46523e+06
60989 4.46301e+06
61060 4.46327e+06
61131 4.46256e+06
61202 4.46004e+06
61273 4.46149e+06
61344 4.45877e+06
61415 4.46009e+06
61486 4.45919e+06
61557 4.45993e+06
61628 4.45989e+06
61699 4.45828e+06
61770 4.45853e+06
61841 4.45728e+06
61912 4.45904e+06
61983 4.4585e+06
62054 4.45794e+06
62125 4.45724e+06
62196 4.45748e+06
62267 4.45832e+06
62338 4.45614e+06
62409 4.45906e+06
62480 4.45622e+06
62551 4.45972e+06
62622 4.45639e+06
62693 4.45837e+06
62764 4.45566e+06
62835 4.45753e+06
62906 4.45605e+06
62977 4.4552e+06
63048 4.45697e+06
63119 4.45457e+06
63190 4.4572e+06
63261 4.45498e+06
63332 4.45452e+06
63403 4.45516e+06
63474 4.45195e+06
63545 4.45614e+06
63616 4.45285e+06
63687 4.45563e+06
63758 4.45422e+06
63829 4.45418e+06
63900 4.45519e+06
63971 4.45271e+06
64042 4.45496e+06
64113 4.45195e+06
64184 4.45405e+06
64255 4.45261e+06
64326 4.45446e+06
64397 4.45293e+06
64468 4.4539e+06
64539 4.45297e+06
64610 4.45494e+06
64681 4.45339e+06
64752 4.45394e+06
64823 4.45396e+06
64894 4.45264e+06
64965 4.4528e+06
65036 4.45319e+06
65107 4.45024e+06
65178 4.45379e+06
65249 4.44963e+06
65320 4.45235e+06
65391 4.44953e+06
65462 4.45093e+06
65533 4.45059e+06
65604 4.44906e+06
65675 4.45229e+06
65746 4.44785e+06
65817 4.45342e+06
65888 4.44896e+06
65959 4.45192e+06
66030 4.4508e+06
66101 4.44939e+06
66172 4.4517e+06
66243 4.44823e+06
66314 4.45175e+06
66385 4.44945e+06
66456 4.45032e+06
66527 4.45171e+06
66598 4.44883e+06
66669 4.45194e+06
66740 4.44891e+06
66811 4.45021e+06
66882 4.45096e+06
66953 4.44823e+06
67024 4.45195e+06
67095 4.4483e+06
67166 4.45084e+06
67237 4.44974e+06
67308 4.44912e+06
67379 4.45123e+06
67450 4.44826e+06
67521 4.45178e+06
67592 4.44847e+06
67663 4.4505e+06
67734 4.44934e+06
67805 4.44889e+06
67876 4.44975e+06
67947 4.4487e+06
68018 4.4496e+06
68089 4.45072e+06
68160 4.44887e+06
68231 4.45164e+06
68302 4.4491e+06
68373 4.45122e+06
68444 4.45063e+06
68515 4.44947e+06
68586 4.45068e+06
68657 4.449e+06
68728 4.4508e+06
68799 4.44862e+06
68870 4.44976e+06
68941 4.44877e+06
69012 4.44928e+06
69083 4.44943e+06
69154 4.44952e+06
69225 4.44909e+06
69296 4.45017e+06
69367 4.44843e+06
69438 4.44977e+06
69509 4.44858e+06
69580 4.44919e+06
69651 4.44922e+06
69722 4.4485e+06
69793 4.44993e+06
69864 4.4489e+06
69935 4.45008e+06
70006 4.44897e+06
70077 4.44694e+06
70148 4.44564e+06
70219 4.44069e+06
70290 4.4382e+06
70361 4.43249e+06
70432 4.43084e+06
70503 4.43064e+06
70574 4.42951e+06
70645 4.43079e+06
70716 4.42555e+06
70787 4.42158e+06
70858 4.41007e+06
70929 4.3934e+06
71000 4.3693e+06
71071 4.33286e+06
71142 4.28986e+06
71213 4.25406e+06
71284 4.23588e+06
71355 4.22573e+06
71426 4.21889e+06
71497 4.20603e+06
71568 4.1685e+06
71639 4.12309e+06
71710 4.06264e+06
71781 3.98397e+06
71852 3.88331e+06
71923 3.74972e+06
