0 1.94165e+07
23 1.94165e+07
46 1.94165e+07
69 1.94165e+07
92 1.94165e+07
115 1.94165e+07
138 1.94165e+07
161 1.94165e+07
184 1.94165e+07
207 1.94165e+07
230 1.94165e+07
253 1.94165e+07
276 1.94165e+07
299 1.94165e+07
322 1.94165e+07
345 1.94165e+07
368 1.94165e+07
391 1.94165e+07
414 1.94165e+07
437 1.94165e+07
460 1.94166e+07
483 1.94166e+07
506 1.94166e+07
529 1.94166e+07
552 1.94166e+07
575 1.94166e+07
598 1.94166e+07
621 1.94166e+07
644 1.94166e+07
667 1.94166e+07
690 1.94166e+07
713 1.94166e+07
736 1.94166e+07
759 1.94166e+07
782 1.94166e+07
805 1.94166e+07
828 1.94166e+07
851 1.94166e+07
874 1.94166e+07
897 1.94166e+07
920 1.94166e+07
943 1.94166e+07
966 1.94166e+07
989 1.94166e+07
1012 1.94166e+07
1035 1.94166e+07
1058 1.94166e+07
1081 1.94166e+07
1104 1.94166e+07
1127 1.94166e+07
1150 1.94166e+07
1173 1.94166e+07
1196 1.94166e+07
1219 1.94166e+07
1242 1.94166e+07
1265 1.94166e+07
1288 1.94166e+07
1311 1.94166e+07
1334 1.94166e+07
1357 1.94166e+07
1380 1.94166e+07
1403 1.94166e+07
1426 1.94166e+07
1449 1.94166e+07
1472 1.94166e+07
1495 1.94166e+07
1518 1.94166e+07
1541 1.94166e+07
1564 1.94166e+07
1587 1.94166e+07
1610 1.94166e+07
1633 1.94166e+07
1656 1.94166e+07
1679 1.94166e+07
1702 1.94166e+07
1725 1.94166e+07
1748 1.94166e+07
1771 1.94166e+07
1794 1.94166e+07
1817 1.94166e+07
1840 1.94166e+07
1863 1.94166e+07
1886 1.94166e+07
1909 1.94166e+07
1932 1.94166e+07
1955 1.94166e+07
1978 1.94166e+07
2001 1.94166e+07
2024 1.94166e+07
2047 1.94166e+07
2070 1.94166e+07
2093 1.94166e+07
2116 1.94166e+07
2139 1.94166e+07
2162 1.94166e+07
2185 1.94166e+07
2208 1.94166e+07
2231 1.94166e+07
2254 1.94166e+07
2277 1.94166e+07
2300 1.94166e+07
2323 1.94166e+07
2346 1.94166e+07
2369 1.94166e+07
2392 1.94166e+07
2415 1.94166e+07
2438 1.94166e+07
2461 1.94166e+07
2484 1.94166e+07
2507 1.94166e+07
2530 1.94166e+07
2553 1.94166e+07
2576 1.94166e+07
2599 1.94166e+07
2622 1.94166e+07
2645 1.94166e+07
2668 1.94166e+07
2691 1.94166e+07
2714 1.94166e+07
2737 1.94166e+07
2760 1.94166e+07
2783 1.94166e+07
2806 1.94166e+07
2829 1.94166e+07
2852 1.94166e+07
2875 1.94166e+07
2898 1.94166e+07
2921 1.94166e+07
2944 1.94166e+07
2967 1.94166e+07
2990 1.94166e+07
3013 1.94166e+07
3036 1.94166e+07
3059 1.94166e+07
3082 1.94166e+07
3105 1.94166e+07
3128 1.94166e+07
3151 1.94166e+07
3174 1.94166e+07
3197 1.94166e+07
3220 1.94166e+07
3243 1.94166e+07
3266 1.94166e+07
3289 1.94166e+07
3312 1.94166e+07
3335 1.94166e+07
3358 1.94166e+07
3381 1.94166e+07
3404 1.94166e+07
3427 1.94166e+07
3450 1.94166e+07
3473 1.94166e+07
3496 1.94166e+07
3519 1.94166e+07
3542 1.94166e+07
3565 1.94166e+07
3588 1.94166e+07
3611 1.94166e+07
3634 1.94166e+07
3657 1.94166e+07
3680 1.94166e+07
3703 1.94166e+07
3726 1.94166e+07
3749 1.94166e+07
3772 1.94166e+07
3795 1.94166e+07
3818 1.94166e+07
3841 1.94166e+07
3864 1.94166e+07
3887 1.94166e+07
3910 1.94166e+07
3933 1.94166e+07
3956 1.94166e+07
3979 1.94166e+07
4002 1.94166e+07
4025 1.94166e+07
4048 1.94166e+07
4071 1.94166e+07
4094 1.94166e+07
4117 1.94166e+07
4140 1.94166e+07
4163 1.94166e+07
4186 1.94166e+07
4209 1.94166e+07
4232 1.94166e+07
4255 1.94166e+07
4278 1.94166e+07
4301 1.94166e+07
4324 1.94166e+07
4347 1.94166e+07
4370 1.94166e+07
4393 1.94166e+07
4416 1.94166e+07
4439 1.94166e+07
4462 1.94166e+07
4485 1.94166e+07
4508 1.94166e+07
4531 1.94166e+07
4554 1.94166e+07
4577 1.94166e+07
4600 1.94166e+07
4623 1.94166e+07
4646 1.94166e+07
4669 1.94166e+07
4692 1.94166e+07
4715 1.94166e+07
4738 1.94166e+07
4761 1.94166e+07
4784 1.94166e+07
4807 1.94166e+07
4830 1.94162e+07
4853 1.94146e+07
4876 1.94131e+07
4899 1.9414e+07
4922 1.93684e+07
4945 1.93701e+07
4968 1.93352e+07
4991 1.9298e+07
5014 1.93365e+07
5037 1.89845e+07
5060 1.84015e+07
5083 1.83058e+07
5106 1.84946e+07
5129 1.87824e+07
5152 1.84535e+07
5175 1.72018e+07
5198 1.66766e+07
5221 1.71121e+07
5244 1.74108e+07
5267 1.73715e+07
5290 1.66377e+07
5313 1.62085e+07
5336 1.58655e+07
5359 1.60523e+07
5382 1.61608e+07
5405 1.61367e+07
5428 1.55822e+07
5451 1.45107e+07
5474 1.41702e+07
5497 1.43952e+07
5520 1.46192e+07
5543 1.44866e+07
5566 1.38894e+07
5589 1.34849e+07
5612 1.39289e+07
5635 1.40477e+07
5658 1.34594e+07
5681 1.27275e+07
5704 1.28053e+07
5727 1.32304e+07
5750 1.35388e+07
5773 1.26019e+07
5796 1.18134e+07
5819 1.21747e+07
5842 1.25055e+07
5865 1.2727e+07
5888 1.25162e+07
5911 1.14339e+07
5934 1.0955e+07
5957 1.14206e+07
5980 1.23814e+07
6003 1.22882e+07
6026 1.14556e+07
6049 1.10239e+07
6072 1.09633e+07
6095 1.12408e+07
6118 1.14122e+07
6141 1.10714e+07
6164 1.02028e+07
6187 9.66297e+06
6210 1.01117e+07
6233 1.06201e+07
6256 1.05771e+07
6279 1.03552e+07
6302 1.00448e+07
6325 1.04241e+07
6348 1.05596e+07
6371 1.07769e+07
6394 1.14356e+07
6417 1.11974e+07
6440 1.04595e+07
6463 9.81376e+06
6486 1.00308e+07
6509 1.05683e+07
6532 1.06966e+07
6555 1.02917e+07
6578 1.00281e+07
6601 1.06554e+07
6624 1.06943e+07
6647 1.03442e+07
6670 1.03732e+07
6693 1.069e+07
6716 1.099e+07
6739 1.08034e+07
6762 1.05938e+07
6785 1.01646e+07
6808 9.89502e+06
6831 1.01595e+07
6854 1.08438e+07
6877 1.06338e+07
6900 9.85616e+06
6923 1.003e+07
6946 1.03601e+07
6969 1.04956e+07
6992 1.09666e+07
7015 1.1006e+07
7038 1.05231e+07
7061 1.05382e+07
7084 1.04333e+07
7107 1.03882e+07
7130 1.08451e+07
7153 1.1077e+07
7176 1.0931e+07
7199 1.10554e+07
7222 1.1226e+07
7245 1.12757e+07
7268 1.14341e+07
7291 1.15196e+07
7314 1.13951e+07
7337 1.11416e+07
7360 1.11145e+07
7383 1.1204e+07
7406 1.12905e+07
7429 1.12683e+07
7452 1.10884e+07
7475 1.11601e+07
7498 1.13669e+07
7521 1.13819e+07
7544 1.13179e+07
7567 1.13027e+07
7590 1.1417e+07
7613 1.13207e+07
7636 1.12472e+07
7659 1.12816e+07
7682 1.13503e+07
7705 1.13884e+07
7728 1.14248e+07
7751 1.14796e+07
7774 1.14702e+07
7797 1.13435e+07
7820 1.12543e+07
7843 1.13226e+07
7866 1.13547e+07
7889 1.13793e+07
7912 1.14129e+07
7935 1.14164e+07
7958 1.14818e+07
7981 1.15521e+07
8004 1.15784e+07
8027 1.15331e+07
8050 1.14894e+07
8073 1.14708e+07
8096 1.14898e+07
8119 1.14932e+07
8142 1.14775e+07
8165 1.15261e+07
8188 1.14822e+07
8211 1.1421e+07
8234 1.14681e+07
8257 1.14173e+07
8280 1.14733e+07
8303 1.14858e+07
8326 1.1403e+07
8349 1.14335e+07
8372 1.14163e+07
8395 1.14045e+07
8418 1.14839e+07
8441 1.13916e+07
8464 1.14343e+07
8487 1.14537e+07
8510 1.13901e+07
8533 1.14678e+07
8556 1.14455e+07
8579 1.14602e+07
8602 1.14471e+07
8625 1.14266e+07
8648 1.14361e+07
8671 1.14648e+07
8694 1.14302e+07
8717 1.14645e+07
8740 1.14127e+07
8763 1.14606e+07
8786 1.14314e+07
8809 1.1464e+07
8832 1.14274e+07
8855 1.14423e+07
8878 1.1431e+07
8901 1.14285e+07
8924 1.14167e+07
8947 1.14114e+07
8970 1.13995e+07
8993 1.14123e+07
9016 1.14148e+07
9039 1.13983e+07
9062 1.14078e+07
9085 1.13985e+07
9108 1.14216e+07
9131 1.13857e+07
9154 1.13983e+07
9177 1.13897e+07
9200 1.14205e+07
9223 1.14039e+07
9246 1.13887e+07
9269 1.13788e+07
9292 1.14161e+07
9315 1.13998e+07
9338 1.13961e+07
9361 1.13851e+07
9384 1.13872e+07
9407 1.13808e+07
9430 1.13823e+07
9453 1.13812e+07
9476 1.13761e+07
9499 1.13707e+07
9522 1.13812e+07
9545 1.13717e+07
9568 1.13694e+07
9591 1.1373e+07
9614 1.13729e+07
9637 1.13708e+07
9660 1.13736e+07
9683 1.13662e+07
9706 1.1362e+07
9729 1.13664e+07
9752 1.13625e+07
9775 1.13623e+07
9798 1.13771e+07
9821 1.1369e+07
9844 1.13671e+07
9867 1.13653e+07
9890 1.13617e+07
9913 1.1361e+07
9936 1.13603e+07
9959 1.13617e+07
9982 1.13551e+07
10005 1.13585e+07
10028 1.13611e+07
10051 1.13545e+07
10074 1.13547e+07
10097 1.13565e+07
10120 1.13561e+07
10143 1.13525e+07
10166 1.13594e+07
10189 1.13593e+07
10212 1.13491e+07
10235 1.13548e+07
10258 1.13579e+07
10281 1.13556e+07
10304 1.13548e+07
10327 1.13541e+07
10350 1.13547e+07
10373 1.13542e+07
10396 1.13572e+07
10419 1.13457e+07
10442 1.13538e+07
10465 1.13537e+07
10488 1.13497e+07
10511 1.1349e+07
10534 1.13525e+07
10557 1.13597e+07
10580 1.13505e+07
10603 1.13494e+07
10626 1.1355e+07
10649 1.13583e+07
10672 1.13554e+07
10695 1.13521e+07
10718 1.1356e+07
10741 1.13527e+07
10764 1.13489e+07
10787 1.13542e+07
10810 1.13573e+07
10833 1.13565e+07
10856 1.13487e+07
10879 1.13464e+07
10902 1.13512e+07
10925 1.13528e+07
10948 1.13539e+07
10971 1.1352e+07
10994 1.13506e+07
11017 1.13542e+07
11040 1.13557e+07
11063 1.1355e+07
11086 1.13505e+07
11109 1.13515e+07
11132 1.13586e+07
11155 1.13546e+07
11178 1.13499e+07
11201 1.13516e+07
11224 1.13546e+07
11247 1.13566e+07
11270 1.13494e+07
11293 1.13501e+07
11316 1.13547e+07
11339 1.13525e+07
11362 1.13563e+07
11385 1.13498e+07
11408 1.13547e+07
11431 1.13561e+07
11454 1.13455e+07
11477 1.13469e+07
11500 1.13523e+07
11523 1.13513e+07
11546 1.1354e+07
11569 1.13522e+07
11592 1.13468e+07
11615 1.13506e+07
11638 1.13506e+07
11661 1.13472e+07
11684 1.13477e+07
11707 1.13513e+07
11730 1.13507e+07
11753 1.13444e+07
11776 1.13422e+07
11799 1.1355e+07
11822 1.135e+07
11845 1.13459e+07
11868 1.13502e+07
11891 1.13577e+07
11914 1.13688e+07
11937 1.13696e+07
11960 1.13758e+07
11983 1.13874e+07
12006 1.13985e+07
12029 1.1406e+07
12052 1.1415e+07
12075 1.14257e+07
12098 1.1436e+07
12121 1.14428e+07
12144 1.14462e+07
12167 1.14614e+07
12190 1.14805e+07
12213 1.14927e+07
12236 1.1495e+07
12259 1.14841e+07
12282 1.14917e+07
12305 1.15029e+07
12328 1.15187e+07
12351 1.15287e+07
12374 1.15266e+07
12397 1.15414e+07
12420 1.15649e+07
12443 1.15737e+07
12466 1.15886e+07
12489 1.1603e+07
12512 1.16079e+07
12535 1.16133e+07
12558 1.1619e+07
12581 1.16311e+07
12604 1.16528e+07
12627 1.16842e+07
12650 1.16991e+07
12673 1.16964e+07
12696 1.17192e+07
12719 1.17668e+07
12742 1.18081e+07
12765 1.18222e+07
12788 1.18135e+07
12811 1.1817e+07
12834 1.18275e+07
12857 1.18376e+07
12880 1.18345e+07
12903 1.18231e+07
12926 1.1819e+07
12949 1.18408e+07
12972 1.18727e+07
12995 1.18943e+07
13018 1.19029e+07
13041 1.18772e+07
13064 1.18662e+07
13087 1.18437e+07
13110 1.18396e+07
13133 1.18601e+07
13156 1.18662e+07
13179 1.1875e+07
13202 1.18859e+07
13225 1.18966e+07
13248 1.1905e+07
13271 1.19033e+07
13294 1.19034e+07
13317 1.19149e+07
13340 1.19257e+07
13363 1.1956e+07
13386 1.19942e+07
13409 1.20129e+07
13432 1.19943e+07
13455 1.19856e+07
13478 1.19848e+07
13501 1.197e+07
13524 1.19695e+07
13547 1.19772e+07
13570 1.19919e+07
13593 1.20199e+07
13616 1.20791e+07
13639 1.21339e+07
13662 1.21377e+07
13685 1.2114e+07
13708 1.21004e+07
13731 1.20787e+07
13754 1.20767e+07
13777 1.20849e+07
13800 1.20864e+07
13823 1.20699e+07
13846 1.20654e+07
13869 1.20631e+07
13892 1.20573e+07
13915 1.20699e+07
13938 1.20853e+07
13961 1.20856e+07
13984 1.20661e+07
14007 1.20498e+07
14030 1.20543e+07
14053 1.20775e+07
14076 1.21015e+07
14099 1.20873e+07
14122 1.20639e+07
14145 1.20458e+07
14168 1.2046e+07
14191 1.20382e+07
14214 1.20381e+07
14237 1.20374e+07
14260 1.20324e+07
14283 1.20347e+07
14306 1.20291e+07
14329 1.20096e+07
14352 1.20092e+07
14375 1.20131e+07
14398 1.20246e+07
14421 1.2029e+07
14444 1.20173e+07
14467 1.20027e+07
14490 1.19967e+07
14513 1.19985e+07
14536 1.20215e+07
14559 1.20256e+07
14582 1.20122e+07
14605 1.19995e+07
14628 1.19865e+07
14651 1.19923e+07
14674 1.19932e+07
14697 1.19848e+07
14720 1.19836e+07
14743 1.19844e+07
14766 1.19882e+07
14789 1.19985e+07
14812 1.19869e+07
14835 1.19837e+07
14858 1.19799e+07
14881 1.19816e+07
14904 1.19746e+07
14927 1.19679e+07
14950 1.19539e+07
14973 1.19387e+07
14996 1.19175e+07
15019 1.1883e+07
15042 1.18235e+07
15065 1.17699e+07
15088 1.17449e+07
15111 1.15535e+07
15134 1.14473e+07
15157 1.13633e+07
15180 1.13163e+07
15203 1.12955e+07
15226 1.1283e+07
15249 1.11901e+07
15272 1.08889e+07
15295 1.07467e+07
15318 1.07332e+07
15341 1.07176e+07
15364 1.06971e+07
15387 1.06494e+07
15410 1.06006e+07
15433 1.04395e+07
15456 1.00979e+07
15479 9.93346e+06
15502 9.89927e+06
15525 9.84175e+06
15548 9.81751e+06
15571 9.77989e+06
15594 9.71827e+06
15617 9.55475e+06
15640 9.33717e+06
15663 9.28556e+06
15686 9.21416e+06
15709 9.04244e+06
15732 8.98084e+06
15755 8.88856e+06
15778 8.82204e+06
15801 8.71312e+06
15824 8.6589e+06
15847 8.49987e+06
15870 8.41382e+06
15893 8.27876e+06
15916 8.18913e+06
15939 8.12601e+06
15962 8.08422e+06
15985 8.0662e+06
16008 7.91394e+06
16031 7.62605e+06
16054 7.47975e+06
16077 7.45428e+06
16100 7.44289e+06
16123 7.39018e+06
16146 7.36938e+06
16169 7.14146e+06
16192 6.89813e+06
16215 6.89399e+06
16238 6.82669e+06
16261 6.71925e+06
16284 6.67366e+06
16307 6.67559e+06
16330 6.63963e+06
16353 6.61175e+06
16376 6.57976e+06
16399 6.48069e+06
16422 6.38923e+06
16445 6.34752e+06
16468 6.3171e+06
16491 6.28441e+06
16514 6.216e+06
16537 5.99125e+06
16560 5.78781e+06
16583 5.51413e+06
16606 5.45821e+06
16629 5.22722e+06
16652 5.14725e+06
16675 5.14047e+06
16698 5.12772e+06
16721 5.10859e+06
16744 5.0718e+06
16767 5.04897e+06
16790 5.02899e+06
16813 5.01917e+06
16836 4.99922e+06
16859 4.97511e+06
16882 4.96946e+06
16905 4.93967e+06
16928 4.88617e+06
16951 4.87537e+06
16974 4.86968e+06
16997 4.859e+06
17020 4.79305e+06
17043 4.71573e+06
17066 4.49507e+06
17089 4.44523e+06
17112 4.4385e+06
17135 4.34801e+06
17158 4.093e+06
17181 3.59209e+06
17204 3.47671e+06
17227 3.41099e+06
17250 3.20167e+06
17273 3.11329e+06
17296 3.08501e+06
17319 3.07411e+06
17342 2.96214e+06
17365 2.83376e+06
17388 2.80487e+06
17411 2.79319e+06
17434 2.7138e+06
17457 2.63636e+06
17480 2.62639e+06
17503 2.57857e+06
17526 2.41578e+06
17549 2.33931e+06
17572 2.27523e+06
17595 1.97108e+06
17618 1.76572e+06
17641 1.74253e+06
17664 1.6037e+06
17687 1.53897e+06
17710 1.49886e+06
17733 1.49056e+06
17756 1.4558e+06
17779 1.45232e+06
17802 1.43569e+06
17825 1.4164e+06
17848 1.36037e+06
17871 1.3009e+06
17894 1.15367e+06
17917 1.07633e+06
17940 1.01531e+06
17963 1.0059e+06
17986 961376
18009 939965
18032 905811
18055 891584
18078 849176
18101 804550
18124 784916
18147 744981
18170 722096
18193 720002
18216 717392
18239 727316
18262 716338
18285 713665
18308 714703
18331 712373
18354 721423
18377 718094
18400 711395
18423 707560
18446 693645
18469 693330
18492 695859
18515 685463
18538 685459
18561 689046
18584 681671
18607 678581
18630 674766
18653 675391
18676 672957
18699 663627
18722 647176
18745 632506
18768 633887
18791 627538
18814 629167
18837 640444
18860 648785
18883 662787
18906 665738
18929 654043
18952 643763
18975 637535
18998 643159
19021 653749
19044 663166
19067 658099
19090 641591
19113 629506
19136 611139
19159 597657
19182 586559
19205 587095
19228 584441
19251 585125
19274 588848
19297 610132
19320 628093
19343 641592
19366 644467
19389 637299
19412 621446
19435 609959
19458 613204
19481 625147
19504 633642
19527 631942
19550 625705
19573 619540
19596 618548
19619 622772
19642 634879
19665 645680
19688 657079
19711 655187
19734 644938
19757 636165
19780 626419
19803 614569
19826 607881
19849 605073
19872 603185
19895 603845
19918 599353
19941 589484
19964 585557
19987 563431
20010 545182
20033 526696
20056 516838
20079 515053
20102 524014
20125 531200
20148 536250
20171 527006
20194 513185
20217 512748
20240 493500
20263 484668
20286 479433
20309 471200
20332 467457
20355 470800
20378 476469
20401 475488
20424 469952
20447 459990
20470 450939
20493 445222
20516 432244
20539 434807
20562 436242
20585 433695
20608 427204
20631 417321
20654 412406
20677 403943
20700 409065
20723 406984
20746 406814
20769 410781
20792 402365
20815 399458
20838 399142
20861 399778
20884 402735
20907 396064
20930 398626
20953 398196
20976 394635
20999 399631
21022 393763
21045 388238
21068 380231
21091 376270
21114 373851
21137 365192
21160 369415
21183 371891
21206 369996
21229 366854
21252 358486
21275 350184
21298 351851
21321 356808
21344 353774
21367 350982
21390 350492
21413 341880
21436 342962
21459 344946
21482 343865
21505 338042
21528 339772
21551 342817
21574 341058
21597 341721
21620 334952
21643 328825
21666 329422
21689 328330
21712 327652
21735 329612
21758 322924
21781 320790
21804 321433
21827 320667
21850 326931
21873 321806
21896 319901
21919 311534
21942 314960
21965 310677
21988 312300
22011 310746
22034 310617
22057 308182
22080 303922
22103 307519
22126 312075
22149 318371
22172 312166
22195 309401
22218 301726
22241 298383
22264 293484
22287 289190
22310 291522
22333 296302
22356 287684
22379 284610
22402 287940
22425 288096
22448 289009
22471 284736
22494 283336
22517 277331
22540 278277
22563 285477
22586 282458
22609 276298
22632 272505
22655 272021
22678 273346
22701 274332
22724 270773
22747 263180
22770 267504
22793 265604
22816 266487
22839 261721
22862 260975
22885 260119
22908 262501
22931 266689
22954 257712
22977 254829
23000 257924
23023 254020
23046 254601
23069 250358
23092 251395
23115 248842
23138 248912
23161 246422
23184 248349
23207 243877
23230 245494
23253 240171
23276 246140
23299 245966
23322 239401
23345 237573
23368 238892
23391 238075
23414 237803
23437 235258
23460 236574
23483 234370
23506 232178
23529 234611
23552 229823
23575 230576
23598 227247
23621 231852
23644 229757
23667 229319
23690 224890
23713 224488
23736 228761
23759 222902
23782 221163
23805 224844
23828 223985
23851 219859
23874 223010
23897 214977
23920 221325
23943 216016
23966 216418
23989 219008
24012 211439
24035 215375
24058 213682
24081 215302
24104 209115
24127 210245
24150 213444
24173 209830
24196 209119
24219 209498
24242 206248
24265 209417
24288 206907
24311 206520
24334 210583
24357 207266
24380 214982
24403 213852
24426 217052
24449 224197
24472 226965
24495 235883
24518 237730
24541 229489
24564 236675
24587 242157
24610 256116
24633 282989
24656 287555
24679 286910
24702 276441
24725 278017
24748 287096
24771 290828
24794 291822
24817 289602
24840 291502
24863 292865
24886 292349
24909 284622
24932 282708
24955 297988
24978 310548
25001 330454
25024 337199
25047 323645
25070 315583
25093 313603
25116 321971
25139 339055
25162 333631
25185 324970
25208 323471
25231 320419
25254 331304
25277 337396
25300 316138
25323 303012
25346 297288
25369 297906
25392 318140
25415 330947
25438 349919
25461 353590
25484 353134
25507 349424
25530 360892
25553 366344
25576 380004
25599 390935
25622 391766
25645 401377
25668 419943
25691 426005
25714 435199
25737 442129
25760 434703
25783 428123
25806 424263
25829 428621
25852 419813
25875 417876
25898 414183
25921 416383
25944 422469
25967 432214
25990 438293
26013 454626
26036 459474
26059 449284
26082 438942
26105 436998
26128 436545
26151 438615
26174 448140
26197 454818
26220 440624
26243 428628
26266 422624
26289 429482
26312 428742
26335 418989
26358 414217
26381 412994
26404 413795
26427 415141
26450 407360
26473 406002
26496 407117
26519 406751
26542 408223
26565 393286
26588 390456
26611 400947
26634 406456
26657 407527
26680 410752
26703 399291
26726 386711
26749 381271
26772 382031
26795 390567
26818 384647
26841 393245
26864 389872
26887 387794
26910 391053
26933 391094
26956 398882
26979 403286
27002 405132
27025 410163
27048 403763
27071 386475
27094 374317
27117 371347
27140 378341
27163 382327
27186 378493
27209 372408
27232 373701
27255 370547
27278 373299
27301 372990
27324 377136
27347 374304
27370 374666
27393 370127
27416 368560
27439 378488
27462 378222
27485 371738
27508 370917
27531 362163
27554 357723
27577 359161
27600 359895
27623 361073
27646 351881
27669 359046
27692 356036
27715 357733
27738 351368
27761 356284
27784 350770
27807 355015
27830 350369
27853 347365
27876 344314
27899 347155
27922 344907
27945 341660
27968 343949
27991 344078
28014 343662
28037 342894
28060 340487
28083 336840
28106 339557
28129 339712
28152 339800
28175 341226
28198 339265
28221 335733
28244 335580
28267 333665
28290 334853
28313 330036
28336 330821
28359 334740
28382 327173
28405 329151
28428 328192
28451 325940
28474 325768
28497 324312
28520 326424
28543 324840
28566 321387
28589 325639
28612 323189
28635 318894
28658 318998
28681 320423
28704 322259
28727 319305
28750 318593
28773 319608
28796 320306
28819 325234
28842 322064
28865 318658
28888 316151
28911 323889
28934 321235
28957 322475
28980 318741
29003 314544
29026 311904
29049 318783
29072 319321
29095 311429
29118 313442
29141 312624
29164 306593
29187 311145
29210 306736
29233 305853
29256 298606
29279 300960
29302 305447
29325 300103
29348 301341
29371 298580
29394 303329
29417 298569
29440 295540
29463 298420
29486 299131
29509 299767
29532 293805
29555 292955
29578 295444
29601 292672
29624 292334
29647 289880
29670 290960
29693 294951
29716 287010
29739 285429
29762 290541
29785 288982
29808 286346
29831 284508
29854 285942
29877 289602
29900 282225
29923 283260
29946 281905
29969 283621
29992 280184
30015 279110
30038 278949
30061 283930
30084 280543
30107 276895
30130 277595
30153 277017
30176 281186
30199 276884
30222 271790
30245 277087
30268 273457
30291 271956
30314 269667
30337 268901
30360 270505
30383 267191
30406 267710
30429 265473
30452 268535
30475 266264
30498 265198
30521 265540
30544 269089
30567 269859
30590 275068
30613 283920
30636 297286
30659 311032
30682 324161
30705 340322
30728 351149
30751 362573
30774 374295
30797 377511
30820 371859
30843 361234
30866 350839
30889 339372
30912 328283
30935 321975
30958 315524
30981 319598
31004 318544
31027 318648
31050 329575
31073 328406
31096 338790
31119 341342
31142 344402
31165 351854
31188 342725
31211 338852
31234 336892
31257 325361
31280 314279
31303 306838
31326 302745
31349 301883
31372 303041
31395 308252
31418 306971
31441 304774
31464 303032
31487 297220
31510 302430
31533 303304
31556 301525
31579 310743
31602 314110
31625 322874
31648 340650
31671 347705
31694 352683
31717 349284
31740 344208
31763 342736
31786 336016
31809 334719
31832 335202
31855 340644
31878 341507
31901 346046
31924 352254
31947 347100
31970 338199
31993 323077
32016 312117
32039 303849
32062 299069
32085 301190
32108 303165
32131 307690
32154 310013
32177 307836
32200 302255
32223 300035
32246 296686
32269 306348
32292 311470
32315 308800
32338 308120
32361 296903
32384 286366
32407 282606
32430 275363
32453 277365
32476 280467
32499 279729
32522 278635
32545 276325
32568 272674
32591 272409
32614 268221
32637 262798
32660 263436
32683 260736
32706 257430
32729 255958
32752 252966
32775 252426
32798 256877
32821 252087
32844 248785
32867 243724
32890 233083
32913 236058
32936 241220
32959 244301
32982 253481
33005 254312
33028 243303
33051 236025
33074 235155
33097 234780
33120 233208
33143 243016
33166 241865
33189 235064
33212 229732
33235 226296
33258 221118
33281 229397
33304 233412
33327 233564
33350 234460
33373 225739
33396 226033
33419 225074
33442 232325
33465 233499
33488 232838
33511 229582
33534 215702
33557 212088
33580 212592
33603 212607
33626 216482
33649 227285
33672 220927
33695 216324
33718 212902
33741 206580
33764 207639
33787 210759
33810 212391
33833 217645
33856 220322
33879 209567
33902 206989
33925 204811
33948 200043
33971 202520
33994 203257
34017 199522
34040 204510
34063 198339
34086 197396
34109 201193
34132 195228
34155 194454
34178 201186
34201 195881
34224 194029
34247 195246
34270 189171
34293 190960
34316 193404
34339 190558
34362 189828
34385 195365
34408 185674
34431 189215
34454 192493
34477 187583
34500 188018
34523 188651
34546 184479
34569 184569
34592 186250
34615 182785
34638 184327
34661 184661
34684 180790
34707 180737
34730 183862
34753 182939
34776 183142
34799 184936
34822 178550
34845 176812
34868 182521
34891 176671
34914 178707
34937 181018
34960 177913
34983 173546
35006 174750
35029 176232
35052 173963
35075 176964
35098 177054
35121 172766
35144 175773
35167 172667
35190 173881
35213 174089
35236 174153
35259 170535
35282 171744
35305 172865
35328 170252
35351 172907
35374 170824
35397 169178
35420 168388
35443 169489
35466 170728
35489 167563
35512 171482
35535 168145
35558 167614
35581 172731
35604 170194
35627 166990
35650 169015
35673 165854
35696 160295
35719 166662
35742 165368
35765 162695
35788 166348
35811 165355
35834 164426
35857 160013
35880 166531
35903 165472
35926 157933
35949 163405
35972 156617
35995 158526
36018 159243
36041 161700
36064 156099
36087 156970
36110 160321
36133 154475
36156 161413
36179 160124
36202 157576
36225 158850
36248 155934
36271 154837
36294 155827
36317 157339
36340 155254
36363 154963
36386 154023
36409 151878
36432 153660
36455 154541
36478 152826
36501 153703
36524 150270
36547 152971
36570 151948
36593 150271
36616 152216
36639 149622
36662 151793
36685 149414
36708 151782
36731 160147
36754 161721
36777 180001
36800 189512
36823 198520
36846 213461
36869 215925
36892 229237
36915 233220
36938 233418
36961 234340
36984 227452
37007 223857
37030 221823
37053 226696
37076 230131
37099 240385
37122 249364
37145 256041
37168 260163
37191 265423
37214 272049
37237 276954
37260 280227
37283 269296
37306 259447
37329 254494
37352 255819
37375 259450
37398 258580
37421 251343
37444 239987
37467 236930
37490 235187
37513 241666
37536 251791
37559 260771
37582 263776
37605 264170
37628 262306
37651 260269
37674 265657
37697 267587
37720 276596
37743 283499
37766 292103
37789 301173
37812 302653
37835 296552
37858 290909
37881 280136
37904 286403
37927 290364
37950 298819
37973 304116
37996 301207
38019 302219
38042 302313
38065 305590
38088 309354
38111 302065
38134 284984
38157 279906
38180 279698
38203 287550
38226 300456
38249 294239
38272 292290
38295 283850
38318 287510
38341 292555
38364 302535
38387 306007
38410 296006
38433 284377
38456 278180
38479 291422
38502 295439
38525 300056
38548 289223
38571 271596
38594 266551
38617 264946
38640 274804
38663 270688
38686 271385
38709 266864
38732 268417
38755 270574
38778 272524
38801 263622
38824 262309
38847 266633
38870 262831
38893 270261
38916 270116
38939 272803
38962 275232
38985 268849
39008 264116
39031 262130
39054 258378
39077 258037
39100 255869
39123 262806
39146 267023
39169 266946
39192 261869
39215 257253
39238 251330
39261 261091
39284 260703
39307 263272
39330 256432
39353 251242
39376 253962
39399 249741
39422 253269
39445 252469
39468 251095
39491 252798
39514 252102
39537 249272
39560 248393
39583 242012
39606 246953
39629 248299
39652 252387
39675 255130
39698 248907
39721 246205
39744 242636
39767 246493
39790 244099
39813 243563
39836 239089
39859 241893
39882 249824
39905 257105
39928 265583
39951 251117
39974 241705
39997 231798
40020 231572
40043 237139
40066 239729
40089 239477
40112 227903
40135 228938
40158 234921
40181 240071
40204 245771
40227 238880
40250 233806
40273 232630
40296 231944
40319 235683
40342 235183
40365 231608
40388 225492
40411 223982
40434 223598
40457 227676
40480 225356
40503 220674
40526 224242
40549 224226
40572 223205
40595 221517
40618 219121
40641 222784
40664 223293
40687 221491
40710 221209
40733 214240
40756 217910
40779 216379
40802 215834
40825 219742
40848 213472
40871 216794
40894 210726
40917 214361
40940 211732
40963 209773
40986 214910
41009 208007
41032 214228
41055 210420
41078 210198
41101 211043
41124 207278
41147 211725
41170 209289
41193 207253
41216 205205
41239 205036
41262 207324
41285 208229
41308 206078
41331 205684
41354 205212
41377 205136
41400 203970
41423 201727
41446 201603
41469 201261
41492 202383
41515 199312
41538 198441
41561 200781
41584 199762
41607 201742
41630 197306
41653 197951
41676 197954
41699 198134
41722 195235
41745 195315
41768 196478
41791 195351
41814 200433
41837 190872
41860 195741
41883 194594
41906 193370
41929 196677
41952 188005
41975 195221
41998 189782
42021 195537
42044 192767
42067 188419
42090 195472
42113 189295
42136 192439
42159 188950
42182 190158
42205 194511
42228 187785
42251 193755
42274 182294
42297 186088
42320 190567
42343 185788
42366 187261
42389 179281
42412 187533
42435 186189
42458 188243
42481 185485
42504 183055
42527 190177
42550 187979
42573 184899
42596 179999
42619 179976
42642 184029
42665 186829
42688 187709
42711 184425
42734 177854
42757 175945
42780 179430
42803 181288
42826 176796
42849 177586
42872 177043
42895 180902
42918 180646
42941 181187
42964 191752
42987 209154
43010 236415
43033 263002
43056 281788
43079 296209
43102 300080
43125 294532
43148 279507
43171 267939
43194 264057
43217 257455
43240 247514
43263 240385
43286 236840
43309 239095
43332 239877
43355 237151
43378 238188
43401 230797
43424 236204
43447 229209
43470 224000
43493 220208
43516 211738
43539 214645
43562 207048
43585 210360
43608 212502
43631 220311
43654 221638
43677 224709
43700 235937
43723 236863
43746 242031
43769 236478
43792 233521
43815 232052
43838 230543
43861 229747
43884 225943
43907 226186
43930 225156
43953 226131
43976 223739
43999 220800
44022 223958
44045 223286
44068 229658
44091 225466
44114 230619
44137 229812
44160 224087
44183 223864
44206 211655
44229 213271
44252 210525
44275 209779
44298 215655
44321 213067
44344 223987
44367 225396
44390 228041
44413 230215
44436 219608
44459 216867
44482 204136
44505 198134
44528 201983
44551 193328
44574 204794
44597 201388
44620 205769
44643 210407
44666 204249
44689 208374
44712 193859
44735 192175
44758 189476
44781 186607
44804 190644
44827 191029
44850 198067
44873 196644
44896 192516
44919 192705
44942 182761
44965 183371
44988 179132
45011 179347
45034 180826
45057 180788
45080 182921
45103 179743
45126 179654
45149 179322
45172 179789
45195 179246
45218 178713
45241 180948
45264 177330
45287 177260
45310 175381
45333 172997
45356 175492
45379 172717
45402 173169
45425 174895
45448 173126
45471 174538
45494 172349
45517 172141
45540 172370
45563 170258
45586 171649
45609 168269
45632 165423
45655 169834
45678 163517
45701 166257
45724 165541
45747 162612
45770 167271
45793 160150
45816 162024
45839 164508
45862 158852
45885 164189
45908 157975
45931 160085
45954 160772
45977 156150
46000 160550
46023 157553
46046 160775
46069 160436
46092 154590
46115 155304
46138 152325
46161 151290
46184 152491
46207 153784
46230 158434
46253 158426
46276 152142
46299 151690
46322 146555
46345 144352
46368 148305
46391 142226
46414 150788
46437 146513
46460 146725
46483 149932
46506 137934
46529 145245
46552 142381
46575 137670
46598 146086
46621 143216
46644 145112
46667 147096
46690 140210
46713 143038
46736 139770
46759 137114
46782 140632
46805 137448
46828 141727
46851 138694
46874 134011
46897 137438
46920 134094
46943 133230
46966 137838
46989 133362
47012 135846
47035 135785
47058 129027
47081 136703
47104 130633
47127 135164
47150 136866
47173 131602
47196 136490
47219 129802
47242 131508
47265 133566
47288 129332
47311 134510
47334 134605
47357 132014
47380 131273
47403 131450
47426 126909
47449 133619
47472 128947
47495 130966
47518 132820
47541 126381
47564 130856
47587 125019
47610 128292
47633 128276
47656 124450
47679 129280
47702 126308
47725 126095
47748 124802
47771 125038
47794 123059
47817 127341
47840 122930
47863 125906
47886 125827
47909 121205
47932 126231
47955 120966
