0 3.53017e+07
15 3.53017e+07
30 3.53017e+07
45 3.53017e+07
60 3.53017e+07
75 3.53017e+07
90 3.53017e+07
105 3.53017e+07
120 3.53017e+07
135 3.53017e+07
150 3.53017e+07
165 3.53017e+07
180 3.53017e+07
195 3.53017e+07
210 3.53017e+07
225 3.53017e+07
240 3.53017e+07
255 3.53017e+07
270 3.53017e+07
285 3.53017e+07
300 3.53017e+07
315 3.53017e+07
330 3.53017e+07
345 3.53017e+07
360 3.53017e+07
375 3.53017e+07
390 3.53017e+07
405 3.53017e+07
420 3.53017e+07
435 3.53017e+07
450 3.53017e+07
465 3.53017e+07
480 3.53017e+07
495 3.53017e+07
510 3.53017e+07
525 3.53017e+07
540 3.53017e+07
555 3.53017e+07
570 3.53017e+07
585 3.53017e+07
600 3.53017e+07
615 3.53017e+07
630 3.53017e+07
645 3.53017e+07
660 3.53017e+07
675 3.53017e+07
690 3.53017e+07
705 3.53017e+07
720 3.53017e+07
735 3.53017e+07
750 3.53017e+07
765 3.53017e+07
780 3.53017e+07
795 3.53017e+07
810 3.53017e+07
825 3.53017e+07
840 3.53017e+07
855 3.53017e+07
870 3.53017e+07
885 3.53017e+07
900 3.53017e+07
915 3.53017e+07
930 3.53017e+07
945 3.53017e+07
960 3.53017e+07
975 3.53017e+07
990 3.53017e+07
1005 3.53017e+07
1020 3.53017e+07
1035 3.53017e+07
1050 3.53017e+07
1065 3.53017e+07
1080 3.53017e+07
1095 3.53017e+07
1110 3.53017e+07
1125 3.53016e+07
1140 3.53016e+07
1155 3.53016e+07
1170 3.53017e+07
1185 3.53017e+07
1200 3.53017e+07
1215 3.53016e+07
1230 3.53015e+07
1245 3.53015e+07
1260 3.53016e+07
1275 3.53016e+07
1290 3.53016e+07
1305 3.53017e+07
1320 3.53015e+07
1335 3.53014e+07
1350 3.53013e+07
1365 3.53014e+07
1380 3.53015e+07
1395 3.53015e+07
1410 3.53015e+07
1425 3.53014e+07
1440 3.5301e+07
1455 3.53008e+07
1470 3.5301e+07
1485 3.53012e+07
1500 3.53012e+07
1515 3.53012e+07
1530 3.5301e+07
1545 3.53003e+07
1560 3.52996e+07
1575 3.52999e+07
1590 3.53006e+07
1605 3.53004e+07
1620 3.53002e+07
1635 3.53002e+07
1650 3.52989e+07
1665 3.52975e+07
1680 3.52977e+07
1695 3.5299e+07
1710 3.52991e+07
1725 3.52986e+07
1740 3.52983e+07
1755 3.52966e+07
1770 3.52939e+07
1785 3.52926e+07
1800 3.52948e+07
1815 3.52976e+07
1830 3.5297e+07
1845 3.52951e+07
1860 3.5293e+07
1875 3.52893e+07
1890 3.52857e+07
1905 3.52855e+07
1920 3.52904e+07
1935 3.52956e+07
1950 3.52944e+07
1965 3.52897e+07
1980 3.52843e+07
1995 3.52791e+07
2010 3.52771e+07
2025 3.528e+07
2040 3.52875e+07
2055 3.52941e+07
2070 3.52906e+07
2085 3.52817e+07
2100 3.52734e+07
2115 3.52693e+07
2130 3.52716e+07
2145 3.52784e+07
2160 3.52863e+07
2175 3.5291e+07
2190 3.52801e+07
2205 3.52624e+07
2220 3.52498e+07
2235 3.52482e+07
2250 3.52573e+07
2265 3.52713e+07
2280 3.52825e+07
2295 3.52798e+07
2310 3.52545e+07
2325 3.5224e+07
2340 3.52047e+07
2355 3.52046e+07
2370 3.52234e+07
2385 3.52506e+07
2400 3.52703e+07
2415 3.52586e+07
2430 3.52157e+07
2445 3.51717e+07
2460 3.51446e+07
2475 3.5145e+07
2490 3.51707e+07
2505 3.52131e+07
2520 3.52497e+07
2535 3.52331e+07
2550 3.51653e+07
2565 3.50922e+07
2580 3.50463e+07
2595 3.50398e+07
2610 3.50717e+07
2625 3.5129e+07
2640 3.51851e+07
2655 3.51953e+07
2670 3.51299e+07
2685 3.50268e+07
2700 3.49363e+07
2715 3.489e+07
2730 3.4895e+07
2745 3.4944e+07
2760 3.50165e+07
2775 3.50718e+07
2790 3.50544e+07
2805 3.49728e+07
2820 3.48561e+07
2835 3.47505e+07
2850 3.46776e+07
2865 3.46541e+07
2880 3.46911e+07
2895 3.47809e+07
2910 3.48623e+07
2925 3.48649e+07
2940 3.47891e+07
2955 3.46802e+07
2970 3.45538e+07
2985 3.44463e+07
3000 3.43872e+07
3015 3.43943e+07
3030 3.44713e+07
3045 3.45682e+07
3060 3.46263e+07
3075 3.45913e+07
3090 3.45093e+07
3105 3.44435e+07
3120 3.4364e+07
3135 3.42652e+07
3150 3.41866e+07
3165 3.41482e+07
3180 3.41457e+07
3195 3.41433e+07
3210 3.41508e+07
3225 3.4138e+07
3240 3.40934e+07
3255 3.40529e+07
3270 3.40253e+07
3285 3.39648e+07
3300 3.38704e+07
3315 3.37855e+07
3330 3.36866e+07
3345 3.35946e+07
3360 3.35289e+07
3375 3.35127e+07
3390 3.34757e+07
3405 3.34243e+07
3420 3.33859e+07
3435 3.33435e+07
3450 3.32918e+07
3465 3.32137e+07
3480 3.30942e+07
3495 3.29309e+07
3510 3.2709e+07
3525 3.25152e+07
3540 3.24391e+07
3555 3.24936e+07
3570 3.26252e+07
3585 3.27628e+07
3600 3.28834e+07
3615 3.28085e+07
3630 3.27231e+07
3645 3.26319e+07
3660 3.24894e+07
3675 3.2284e+07
3690 3.20646e+07
3705 3.19042e+07
3720 3.18623e+07
3735 3.19492e+07
3750 3.20663e+07
3765 3.20779e+07
3780 3.19747e+07
3795 3.18431e+07
3810 3.17466e+07
3825 3.17237e+07
3840 3.16913e+07
3855 3.15296e+07
3870 3.12919e+07
3885 3.10614e+07
3900 3.08696e+07
3915 3.07625e+07
3930 3.08012e+07
3945 3.082e+07
3960 3.0759e+07
3975 3.06956e+07
3990 3.0608e+07
4005 3.04986e+07
4020 3.04576e+07
4035 3.05186e+07
4050 3.05414e+07
4065 3.04308e+07
4080 3.0099e+07
4095 2.97387e+07
4110 2.95151e+07
4125 2.94628e+07
4140 2.95388e+07
4155 2.96169e+07
4170 2.95802e+07
4185 2.94495e+07
4200 2.9288e+07
4215 2.91754e+07
4230 2.91629e+07
4245 2.91109e+07
4260 2.88924e+07
4275 2.86059e+07
4290 2.84078e+07
4305 2.83662e+07
4320 2.84178e+07
4335 2.8545e+07
4350 2.86777e+07
4365 2.86254e+07
4380 2.83814e+07
4395 2.81618e+07
4410 2.80954e+07
4425 2.8259e+07
4440 2.8544e+07
4455 2.86344e+07
4470 2.84684e+07
4485 2.81929e+07
4500 2.78357e+07
4515 2.75287e+07
4530 2.74496e+07
4545 2.75347e+07
4560 2.74328e+07
4575 2.71081e+07
4590 2.68324e+07
4605 2.66879e+07
4620 2.67103e+07
4635 2.68919e+07
4650 2.71956e+07
4665 2.74337e+07
4680 2.73057e+07
4695 2.68338e+07
4710 2.62951e+07
4725 2.5963e+07
4740 2.59155e+07
4755 2.60549e+07
4770 2.61239e+07
4785 2.61014e+07
4800 2.60074e+07
4815 2.59076e+07
4830 2.58306e+07
4845 2.58928e+07
4860 2.61019e+07
4875 2.63268e+07
4890 2.62425e+07
4905 2.57318e+07
4920 2.51161e+07
4935 2.46754e+07
4950 2.44816e+07
4965 2.44795e+07
4980 2.4603e+07
4995 2.47526e+07
5010 2.47838e+07
5025 2.46466e+07
5040 2.45345e+07
5055 2.45785e+07
5070 2.4745e+07
5085 2.48824e+07
5100 2.49055e+07
5115 2.4757e+07
5130 2.43625e+07
5145 2.38886e+07
5160 2.35353e+07
5175 2.34461e+07
5190 2.35551e+07
5205 2.36659e+07
5220 2.36686e+07
5235 2.35773e+07
5250 2.34551e+07
5265 2.33551e+07
5280 2.32834e+07
5295 2.32647e+07
5310 2.3292e+07
5325 2.33193e+07
5340 2.32129e+07
5355 2.29151e+07
5370 2.25815e+07
5385 2.23435e+07
5400 2.22747e+07
5415 2.23322e+07
5430 2.24437e+07
5445 2.25011e+07
5460 2.24711e+07
5475 2.24734e+07
5490 2.24393e+07
5505 2.23611e+07
5520 2.23895e+07
5535 2.25283e+07
5550 2.26068e+07
5565 2.23758e+07
5580 2.19206e+07
5595 2.14755e+07
5610 2.12405e+07
5625 2.12777e+07
5640 2.15295e+07
5655 2.1806e+07
5670 2.18988e+07
5685 2.18583e+07
5700 2.1857e+07
5715 2.19374e+07
5730 2.20621e+07
5745 2.22071e+07
5760 2.22832e+07
5775 2.21348e+07
5790 2.16524e+07
5805 2.10429e+07
5820 2.06177e+07
5835 2.05113e+07
5850 2.06614e+07
5865 2.09752e+07
5880 2.12508e+07
5895 2.13441e+07
5910 2.12868e+07
5925 2.12657e+07
5940 2.1315e+07
5955 2.1363e+07
5970 2.13563e+07
5985 2.12468e+07
6000 2.09521e+07
6015 2.03929e+07
6030 1.97962e+07
6045 1.94399e+07
6060 1.94037e+07
6075 1.96534e+07
6090 1.99902e+07
6105 2.01839e+07
6120 2.02582e+07
6135 2.02491e+07
6150 2.03049e+07
6165 2.04191e+07
6180 2.04028e+07
6195 2.02679e+07
6210 2.00573e+07
6225 1.97969e+07
6240 1.94278e+07
6255 1.90003e+07
6270 1.8703e+07
6285 1.85825e+07
6300 1.86036e+07
6315 1.8672e+07
6330 1.87524e+07
6345 1.88897e+07
6360 1.9075e+07
6375 1.92303e+07
6390 1.92659e+07
6405 1.91239e+07
6420 1.8932e+07
6435 1.87134e+07
6450 1.84841e+07
6465 1.81747e+07
6480 1.77487e+07
6495 1.74253e+07
6510 1.73254e+07
6525 1.74146e+07
6540 1.76319e+07
6555 1.79252e+07
6570 1.82457e+07
6585 1.8566e+07
6600 1.87756e+07
6615 1.87482e+07
6630 1.84965e+07
6645 1.81489e+07
6660 1.77698e+07
6675 1.73467e+07
6690 1.68793e+07
6705 1.64788e+07
6720 1.62921e+07
6735 1.6354e+07
6750 1.6614e+07
6765 1.70191e+07
6780 1.74527e+07
6795 1.7879e+07
6810 1.83229e+07
6825 1.86503e+07
6840 1.86607e+07
6855 1.83975e+07
6870 1.79923e+07
6885 1.73699e+07
6900 1.66599e+07
6915 1.60977e+07
6930 1.58253e+07
6945 1.58627e+07
6960 1.61436e+07
6975 1.64516e+07
6990 1.66537e+07
7005 1.68083e+07
7020 1.7078e+07
7035 1.7471e+07
7050 1.78988e+07
7065 1.82833e+07
7080 1.8301e+07
7095 1.7824e+07
7110 1.70958e+07
7125 1.63729e+07
7140 1.58198e+07
7155 1.55118e+07
7170 1.5438e+07
7185 1.54827e+07
7200 1.55953e+07
7215 1.58343e+07
7230 1.61616e+07
7245 1.64864e+07
7260 1.68531e+07
7275 1.72377e+07
7290 1.74465e+07
7305 1.73686e+07
7320 1.70515e+07
7335 1.66314e+07
7350 1.625e+07
7365 1.5957e+07
7380 1.57251e+07
7395 1.55403e+07
7410 1.54415e+07
7425 1.5447e+07
7440 1.55175e+07
7455 1.56382e+07
7470 1.57903e+07
7485 1.59244e+07
7500 1.59303e+07
7515 1.57185e+07
7530 1.53982e+07
7545 1.5197e+07
7560 1.52122e+07
7575 1.53964e+07
7590 1.56891e+07
7605 1.59599e+07
7620 1.59899e+07
7635 1.57834e+07
7650 1.55095e+07
7665 1.52868e+07
7680 1.5155e+07
7695 1.50079e+07
7710 1.48072e+07
7725 1.45752e+07
7740 1.43188e+07
7755 1.42181e+07
7770 1.4367e+07
7785 1.47111e+07
7800 1.50478e+07
7815 1.5258e+07
7830 1.54017e+07
7845 1.54685e+07
7860 1.54607e+07
7875 1.54226e+07
7890 1.53598e+07
7905 1.52479e+07
7920 1.51291e+07
7935 1.49616e+07
7950 1.48332e+07
7965 1.47795e+07
7980 1.47459e+07
7995 1.46894e+07
8010 1.46466e+07
8025 1.45997e+07
8040 1.454e+07
8055 1.44976e+07
8070 1.45279e+07
8085 1.46849e+07
8100 1.50106e+07
8115 1.54468e+07
8130 1.5801e+07
8145 1.59156e+07
8160 1.5752e+07
8175 1.5442e+07
8190 1.51194e+07
8205 1.4825e+07
8220 1.45288e+07
8235 1.42245e+07
8250 1.39707e+07
8265 1.38227e+07
8280 1.3763e+07
8295 1.38676e+07
8310 1.41489e+07
8325 1.44986e+07
8340 1.4785e+07
8355 1.50058e+07
8370 1.51731e+07
8385 1.52966e+07
8400 1.52575e+07
8415 1.50289e+07
8430 1.46841e+07
8445 1.43878e+07
8460 1.42162e+07
8475 1.41041e+07
8490 1.39751e+07
8505 1.38187e+07
8520 1.36352e+07
8535 1.3486e+07
8550 1.3406e+07
8565 1.34237e+07
8580 1.35322e+07
8595 1.36707e+07
8610 1.38159e+07
8625 1.39921e+07
8640 1.4273e+07
8655 1.46053e+07
8670 1.48601e+07
8685 1.49471e+07
8700 1.488e+07
8715 1.46324e+07
8730 1.42648e+07
8745 1.3837e+07
8760 1.34505e+07
8775 1.3214e+07
8790 1.31434e+07
8805 1.32077e+07
8820 1.33771e+07
8835 1.361e+07
8850 1.38749e+07
8865 1.41621e+07
8880 1.45046e+07
8895 1.49007e+07
8910 1.52443e+07
8925 1.54619e+07
8940 1.55007e+07
8955 1.53273e+07
8970 1.49941e+07
8985 1.46372e+07
9000 1.43441e+07
9015 1.41497e+07
9030 1.40718e+07
9045 1.40883e+07
9060 1.41147e+07
9075 1.40315e+07
9090 1.39293e+07
9105 1.38566e+07
9120 1.38281e+07
9135 1.38697e+07
9150 1.39488e+07
9165 1.40472e+07
9180 1.41282e+07
9195 1.41371e+07
9210 1.40967e+07
9225 1.41045e+07
9240 1.42271e+07
9255 1.4421e+07
9270 1.45797e+07
9285 1.4674e+07
9300 1.47003e+07
9315 1.4561e+07
9330 1.42122e+07
9345 1.38023e+07
9360 1.34689e+07
9375 1.32742e+07
9390 1.32201e+07
9405 1.32466e+07
9420 1.32994e+07
9435 1.34108e+07
9450 1.3668e+07
9465 1.4095e+07
9480 1.46201e+07
9495 1.51272e+07
9510 1.55133e+07
9525 1.56702e+07
9540 1.56167e+07
9555 1.54419e+07
9570 1.5133e+07
9585 1.47349e+07
9600 1.43415e+07
9615 1.39716e+07
9630 1.36575e+07
9645 1.34545e+07
9660 1.33801e+07
9675 1.3442e+07
9690 1.3649e+07
9705 1.39735e+07
9720 1.43754e+07
9735 1.47932e+07
9750 1.51731e+07
9765 1.5435e+07
9780 1.55671e+07
9795 1.55328e+07
9810 1.53336e+07
9825 1.50257e+07
9840 1.46772e+07
9855 1.4348e+07
9870 1.40562e+07
9885 1.38783e+07
9900 1.38482e+07
9915 1.39225e+07
9930 1.40823e+07
9945 1.4306e+07
9960 1.4524e+07
9975 1.46632e+07
9990 1.47214e+07
10005 1.47343e+07
10020 1.47159e+07
10035 1.47226e+07
10050 1.477e+07
10065 1.48086e+07
10080 1.48067e+07
10095 1.4736e+07
10110 1.46321e+07
10125 1.4553e+07
10140 1.45564e+07
10155 1.46302e+07
10170 1.46626e+07
10185 1.46217e+07
10200 1.44943e+07
10215 1.43047e+07
10230 1.41287e+07
10245 1.40193e+07
10260 1.40099e+07
10275 1.4118e+07
10290 1.43495e+07
10305 1.46545e+07
10320 1.49858e+07
10335 1.53337e+07
10350 1.56529e+07
10365 1.5843e+07
10380 1.58714e+07
10395 1.57231e+07
10410 1.53679e+07
10425 1.49533e+07
10440 1.45996e+07
10455 1.4379e+07
10470 1.42786e+07
10485 1.42278e+07
10500 1.42712e+07
10515 1.44113e+07
10530 1.46251e+07
10545 1.48828e+07
10560 1.51551e+07
10575 1.54216e+07
10590 1.56554e+07
10605 1.58477e+07
10620 1.59475e+07
10635 1.58909e+07
10650 1.56359e+07
10665 1.52402e+07
10680 1.48221e+07
10695 1.44309e+07
10710 1.41172e+07
10725 1.39481e+07
10740 1.39754e+07
10755 1.41903e+07
10770 1.45403e+07
10785 1.49449e+07
10800 1.52804e+07
10815 1.54612e+07
10830 1.55059e+07
10845 1.53808e+07
10860 1.51717e+07
10875 1.49604e+07
10890 1.47828e+07
10905 1.46273e+07
10920 1.44803e+07
10935 1.43442e+07
10950 1.4259e+07
10965 1.42221e+07
10980 1.4234e+07
10995 1.43223e+07
11010 1.44618e+07
11025 1.45977e+07
11040 1.46427e+07
11055 1.45463e+07
11070 1.4411e+07
11085 1.43276e+07
11100 1.43407e+07
11115 1.44439e+07
11130 1.46051e+07
11145 1.47911e+07
11160 1.4964e+07
11175 1.51103e+07
11190 1.52069e+07
11205 1.5236e+07
11220 1.52081e+07
11235 1.51168e+07
11250 1.49473e+07
11265 1.47221e+07
11280 1.44843e+07
11295 1.42568e+07
11310 1.40859e+07
11325 1.40106e+07
11340 1.40522e+07
11355 1.42023e+07
11370 1.44247e+07
11385 1.4693e+07
11400 1.4967e+07
11415 1.51624e+07
11430 1.5254e+07
11445 1.52267e+07
11460 1.50805e+07
11475 1.4846e+07
11490 1.45466e+07
11505 1.42467e+07
11520 1.39722e+07
11535 1.37493e+07
11550 1.36283e+07
11565 1.36061e+07
11580 1.36439e+07
11595 1.371e+07
11610 1.37947e+07
11625 1.39587e+07
11640 1.41852e+07
11655 1.43883e+07
11670 1.45532e+07
11685 1.46791e+07
11700 1.47439e+07
11715 1.47051e+07
11730 1.45611e+07
11745 1.43581e+07
11760 1.41619e+07
11775 1.40175e+07
11790 1.3903e+07
11805 1.37814e+07
11820 1.36615e+07
11835 1.35863e+07
11850 1.35981e+07
11865 1.36883e+07
11880 1.38084e+07
11895 1.39337e+07
11910 1.41084e+07
11925 1.43235e+07
11940 1.45169e+07
11955 1.46444e+07
11970 1.46483e+07
11985 1.4551e+07
12000 1.44049e+07
12015 1.42153e+07
12030 1.39886e+07
12045 1.37486e+07
12060 1.35502e+07
12075 1.34164e+07
12090 1.33314e+07
12105 1.32783e+07
12120 1.32829e+07
12135 1.33488e+07
12150 1.34394e+07
12165 1.35556e+07
12180 1.36962e+07
12195 1.38379e+07
12210 1.39502e+07
12225 1.39932e+07
12240 1.3951e+07
12255 1.38487e+07
12270 1.36927e+07
12285 1.35272e+07
12300 1.34049e+07
12315 1.33151e+07
12330 1.32539e+07
12345 1.32327e+07
12360 1.32302e+07
12375 1.32211e+07
12390 1.3229e+07
12405 1.32884e+07
12420 1.34066e+07
12435 1.35607e+07
12450 1.37056e+07
12465 1.38178e+07
12480 1.38894e+07
12495 1.39067e+07
12510 1.38476e+07
12525 1.37056e+07
12540 1.35309e+07
12555 1.33491e+07
12570 1.31889e+07
12585 1.30624e+07
12600 1.29715e+07
12615 1.29086e+07
12630 1.28756e+07
12645 1.28757e+07
12660 1.28807e+07
12675 1.29147e+07
12690 1.30003e+07
12705 1.31372e+07
12720 1.33302e+07
12735 1.35697e+07
12750 1.37939e+07
12765 1.39293e+07
12780 1.39281e+07
12795 1.38048e+07
12810 1.35992e+07
12825 1.33703e+07
12840 1.31482e+07
12855 1.29641e+07
12870 1.28327e+07
12885 1.27622e+07
12900 1.27487e+07
12915 1.27969e+07
12930 1.28891e+07
12945 1.30015e+07
12960 1.31212e+07
12975 1.32342e+07
12990 1.33151e+07
13005 1.33475e+07
13020 1.33586e+07
13035 1.33359e+07
13050 1.32835e+07
13065 1.31974e+07
13080 1.30633e+07
13095 1.29291e+07
13110 1.28088e+07
13125 1.26984e+07
13140 1.26054e+07
13155 1.25488e+07
13170 1.25487e+07
13185 1.26133e+07
13200 1.27214e+07
13215 1.28487e+07
13230 1.29815e+07
13245 1.30865e+07
13260 1.31293e+07
13275 1.31128e+07
13290 1.30651e+07
13305 1.3021e+07
13320 1.29958e+07
13335 1.29565e+07
13350 1.29134e+07
13365 1.28732e+07
13380 1.28364e+07
13395 1.28009e+07
13410 1.27647e+07
13425 1.27349e+07
13440 1.27136e+07
13455 1.27028e+07
13470 1.27175e+07
13485 1.27532e+07
13500 1.28047e+07
13515 1.28574e+07
13530 1.28936e+07
13545 1.29e+07
13560 1.28844e+07
13575 1.28584e+07
13590 1.28171e+07
13605 1.2787e+07
13620 1.27753e+07
13635 1.27619e+07
13650 1.2741e+07
13665 1.27055e+07
13680 1.26726e+07
13695 1.26828e+07
13710 1.27269e+07
13725 1.27781e+07
13740 1.28289e+07
13755 1.28653e+07
13770 1.28991e+07
13785 1.29188e+07
13800 1.29339e+07
13815 1.29518e+07
13830 1.29804e+07
13845 1.30214e+07
13860 1.30599e+07
13875 1.30849e+07
13890 1.31019e+07
13905 1.31202e+07
13920 1.31428e+07
13935 1.31522e+07
13950 1.31332e+07
13965 1.30875e+07
13980 1.29953e+07
13995 1.2847e+07
14010 1.26711e+07
14025 1.25746e+07
14040 1.24997e+07
14055 1.24487e+07
14070 1.24356e+07
14085 1.24516e+07
14100 1.25042e+07
14115 1.25676e+07
14130 1.26427e+07
14145 1.26955e+07
14160 1.27095e+07
14175 1.2692e+07
14190 1.26553e+07
14205 1.26216e+07
14220 1.2601e+07
14235 1.25944e+07
14250 1.2608e+07
14265 1.26427e+07
14280 1.26992e+07
14295 1.27611e+07
14310 1.28049e+07
14325 1.28346e+07
14340 1.28526e+07
14355 1.28456e+07
14370 1.28252e+07
14385 1.27792e+07
14400 1.26774e+07
14415 1.25524e+07
14430 1.24093e+07
14445 1.23475e+07
14460 1.23058e+07
14475 1.22719e+07
14490 1.22686e+07
14505 1.22906e+07
14520 1.23277e+07
14535 1.2371e+07
14550 1.24182e+07
14565 1.24672e+07
14580 1.25148e+07
14595 1.25348e+07
14610 1.25306e+07
14625 1.25218e+07
14640 1.2522e+07
14655 1.25056e+07
14670 1.24675e+07
14685 1.24083e+07
14700 1.23562e+07
14715 1.23434e+07
14730 1.23322e+07
14745 1.23223e+07
14760 1.2334e+07
14775 1.2339e+07
14790 1.23468e+07
14805 1.23526e+07
14820 1.2355e+07
14835 1.23569e+07
14850 1.23499e+07
14865 1.2327e+07
14880 1.23024e+07
14895 1.22846e+07
14910 1.22684e+07
14925 1.22624e+07
14940 1.22697e+07
14955 1.22787e+07
14970 1.22943e+07
14985 1.22933e+07
15000 1.22597e+07
15015 1.22067e+07
15030 1.21352e+07
15045 1.20847e+07
15060 1.20581e+07
15075 1.20191e+07
15090 1.20008e+07
15105 1.1986e+07
15120 1.19934e+07
15135 1.20004e+07
15150 1.2011e+07
15165 1.20248e+07
15180 1.20345e+07
15195 1.20367e+07
15210 1.20441e+07
15225 1.20602e+07
15240 1.20756e+07
15255 1.20728e+07
15270 1.20513e+07
15285 1.20224e+07
15300 1.19829e+07
15315 1.19309e+07
15330 1.18821e+07
15345 1.18688e+07
15360 1.18783e+07
15375 1.18538e+07
15390 1.18029e+07
15405 1.17755e+07
15420 1.17563e+07
15435 1.17479e+07
15450 1.17508e+07
15465 1.17642e+07
15480 1.17864e+07
15495 1.18103e+07
15510 1.18321e+07
15525 1.18407e+07
15540 1.18369e+07
15555 1.18251e+07
15570 1.18107e+07
15585 1.17949e+07
15600 1.17775e+07
15615 1.17594e+07
15630 1.17429e+07
15645 1.17363e+07
15660 1.17418e+07
15675 1.17501e+07
15690 1.17414e+07
15705 1.17311e+07
15720 1.17187e+07
15735 1.17155e+07
15750 1.17186e+07
15765 1.17299e+07
15780 1.17359e+07
15795 1.17223e+07
15810 1.17128e+07
15825 1.16974e+07
15840 1.16829e+07
15855 1.16673e+07
15870 1.16542e+07
15885 1.16496e+07
15900 1.16533e+07
15915 1.16598e+07
15930 1.16683e+07
15945 1.16676e+07
15960 1.16552e+07
15975 1.16421e+07
15990 1.16392e+07
16005 1.16287e+07
16020 1.16071e+07
16035 1.16031e+07
16050 1.16057e+07
16065 1.16011e+07
16080 1.15884e+07
16095 1.15699e+07
16110 1.15583e+07
16125 1.15508e+07
16140 1.15354e+07
16155 1.1473e+07
16170 1.14315e+07
16185 1.14301e+07
16200 1.14374e+07
16215 1.14402e+07
16230 1.14403e+07
16245 1.14453e+07
16260 1.14559e+07
16275 1.14519e+07
16290 1.14253e+07
16305 1.13908e+07
16320 1.13466e+07
16335 1.13105e+07
16350 1.12952e+07
16365 1.12978e+07
16380 1.12885e+07
16395 1.12889e+07
16410 1.12801e+07
16425 1.12863e+07
16440 1.12742e+07
16455 1.12019e+07
16470 1.11686e+07
16485 1.11682e+07
16500 1.11669e+07
16515 1.11581e+07
16530 1.11341e+07
16545 1.11202e+07
16560 1.11114e+07
16575 1.10839e+07
16590 1.10637e+07
16605 1.10544e+07
16620 1.10447e+07
16635 1.1042e+07
16650 1.10525e+07
16665 1.10621e+07
16680 1.10492e+07
16695 1.10197e+07
16710 1.10034e+07
16725 1.09956e+07
16740 1.09916e+07
16755 1.10043e+07
16770 1.0998e+07
16785 1.0971e+07
16800 1.09031e+07
16815 1.08232e+07
16830 1.07875e+07
16845 1.07961e+07
16860 1.07722e+07
16875 1.07391e+07
16890 1.07069e+07
16905 1.06838e+07
16920 1.06713e+07
16935 1.06679e+07
16950 1.06767e+07
16965 1.06791e+07
16980 1.06708e+07
16995 1.066e+07
17010 1.06535e+07
17025 1.06557e+07
17040 1.06732e+07
17055 1.06839e+07
17070 1.06785e+07
17085 1.06369e+07
17100 1.05951e+07
17115 1.05715e+07
17130 1.05358e+07
17145 1.05141e+07
17160 1.05023e+07
17175 1.04871e+07
17190 1.04668e+07
17205 1.04489e+07
17220 1.04494e+07
17235 1.04541e+07
17250 1.04608e+07
17265 1.04605e+07
17280 1.04488e+07
17295 1.0432e+07
17310 1.04197e+07
17325 1.04232e+07
17340 1.04333e+07
17355 1.04379e+07
17370 1.04356e+07
17385 1.04181e+07
17400 1.0417e+07
17415 1.04244e+07
17430 1.04351e+07
17445 1.04468e+07
17460 1.04454e+07
17475 1.04344e+07
17490 1.0424e+07
17505 1.04205e+07
17520 1.04143e+07
17535 1.04072e+07
17550 1.04004e+07
17565 1.03894e+07
17580 1.03755e+07
17595 1.03668e+07
17610 1.03624e+07
17625 1.03501e+07
17640 1.03186e+07
17655 1.02778e+07
17670 1.02392e+07
17685 1.02146e+07
17700 1.01943e+07
17715 1.01859e+07
17730 1.01729e+07
17745 1.01603e+07
17760 1.01369e+07
17775 1.00867e+07
17790 1.00072e+07
17805 9.92967e+06
17820 9.87621e+06
17835 9.81636e+06
17850 9.75269e+06
17865 9.74074e+06
17880 9.7209e+06
17895 9.71866e+06
17910 9.71877e+06
17925 9.71507e+06
17940 9.71403e+06
17955 9.71749e+06
17970 9.7209e+06
17985 9.72252e+06
18000 9.72559e+06
18015 9.73227e+06
18030 9.74417e+06
18045 9.73811e+06
18060 9.70381e+06
18075 9.59284e+06
18090 9.45484e+06
18105 9.38939e+06
18120 9.34902e+06
18135 9.31703e+06
18150 9.30315e+06
18165 9.29827e+06
18180 9.29491e+06
18195 9.29192e+06
18210 9.28765e+06
18225 9.28043e+06
18240 9.26845e+06
18255 9.26053e+06
18270 9.26239e+06
18285 9.26057e+06
18300 9.24952e+06
18315 9.18184e+06
18330 9.10114e+06
18345 9.06002e+06
18360 8.96637e+06
18375 8.72254e+06
18390 8.5033e+06
18405 8.37908e+06
18420 8.36065e+06
18435 8.36489e+06
18450 8.36866e+06
18465 8.34255e+06
18480 8.29991e+06
18495 8.2384e+06
18510 8.18565e+06
18525 8.13239e+06
18540 8.09556e+06
18555 8.07587e+06
18570 8.06117e+06
18585 8.02252e+06
18600 7.98294e+06
18615 7.94741e+06
18630 7.91176e+06
18645 7.84823e+06
18660 7.82737e+06
18675 7.8193e+06
18690 7.80261e+06
18705 7.7695e+06
18720 7.72895e+06
18735 7.72155e+06
18750 7.72081e+06
18765 7.72488e+06
18780 7.71668e+06
18795 7.69771e+06
18810 7.67692e+06
18825 7.66615e+06
18840 7.65481e+06
18855 7.6419e+06
18870 7.62931e+06
18885 7.62555e+06
18900 7.62427e+06
18915 7.61093e+06
18930 7.58819e+06
18945 7.5744e+06
18960 7.55201e+06
18975 7.546e+06
18990 7.55427e+06
19005 7.56174e+06
19020 7.57078e+06
19035 7.5803e+06
19050 7.57988e+06
19065 7.58363e+06
19080 7.58349e+06
19095 7.57612e+06
19110 7.55864e+06
19125 7.51483e+06
19140 7.45084e+06
19155 7.41668e+06
19170 7.40866e+06
19185 7.40671e+06
19200 7.40168e+06
19215 7.38958e+06
19230 7.38029e+06
19245 7.36271e+06
19260 7.35399e+06
19275 7.35233e+06
19290 7.35312e+06
19305 7.35551e+06
19320 7.35981e+06
19335 7.36063e+06
19350 7.36363e+06
19365 7.36817e+06
19380 7.35949e+06
19395 7.33952e+06
19410 7.33558e+06
19425 7.33357e+06
19440 7.33152e+06
19455 7.31826e+06
19470 7.30043e+06
19485 7.28374e+06
19500 7.26164e+06
19515 7.24888e+06
19530 7.24394e+06
19545 7.23848e+06
19560 7.23719e+06
19575 7.23976e+06
19590 7.23406e+06
19605 7.19133e+06
19620 7.09888e+06
19635 7.0461e+06
19650 7.04108e+06
19665 7.0346e+06
19680 7.02697e+06
19695 7.0314e+06
19710 7.03199e+06
19725 7.03449e+06
19740 7.03752e+06
19755 7.03527e+06
19770 7.02663e+06
19785 7.00692e+06
19800 6.9879e+06
19815 6.97553e+06
19830 6.96523e+06
19845 6.95683e+06
19860 6.95206e+06
19875 6.94061e+06
19890 6.92619e+06
19905 6.92124e+06
19920 6.91862e+06
19935 6.91622e+06
19950 6.91169e+06
19965 6.90233e+06
19980 6.88951e+06
19995 6.88175e+06
20010 6.87492e+06
20025 6.86902e+06
20040 6.85907e+06
20055 6.84832e+06
20070 6.84206e+06
20085 6.84024e+06
20100 6.83989e+06
20115 6.82834e+06
20130 6.82792e+06
20145 6.80027e+06
20160 6.76261e+06
20175 6.74618e+06
20190 6.74658e+06
20205 6.75641e+06
20220 6.75869e+06
20235 6.75078e+06
20250 6.74193e+06
20265 6.72932e+06
20280 6.71137e+06
20295 6.69116e+06
20310 6.67775e+06
20325 6.66919e+06
20340 6.65912e+06
20355 6.64337e+06
20370 6.62264e+06
20385 6.58716e+06
20400 6.5726e+06
20415 6.56745e+06
20430 6.55824e+06
20445 6.54645e+06
20460 6.54127e+06
20475 6.53666e+06
20490 6.51579e+06
20505 6.49376e+06
20520 6.48563e+06
20535 6.48842e+06
20550 6.49048e+06
20565 6.48104e+06
20580 6.46438e+06
20595 6.45972e+06
20610 6.45816e+06
20625 6.45549e+06
20640 6.45583e+06
20655 6.45489e+06
20670 6.45499e+06
20685 6.44709e+06
20700 6.43072e+06
20715 6.42568e+06
20730 6.43869e+06
20745 6.45053e+06
20760 6.42238e+06
20775 6.3147e+06
20790 6.15352e+06
20805 6.06455e+06
20820 5.9916e+06
20835 5.96442e+06
20850 5.94459e+06
20865 5.9141e+06
20880 5.88928e+06
20895 5.86358e+06
20910 5.81895e+06
20925 5.78659e+06
20940 5.77454e+06
20955 5.75404e+06
20970 5.73589e+06
20985 5.72467e+06
21000 5.71071e+06
21015 5.69832e+06
21030 5.6905e+06
21045 5.6948e+06
21060 5.69349e+06
21075 5.67013e+06
21090 5.64724e+06
21105 5.64594e+06
21120 5.63778e+06
21135 5.62776e+06
21150 5.6252e+06
21165 5.62243e+06
21180 5.61472e+06
21195 5.60475e+06
21210 5.59626e+06
21225 5.58833e+06
21240 5.57455e+06
21255 5.55669e+06
21270 5.53688e+06
21285 5.52524e+06
21300 5.51592e+06
21315 5.50976e+06
21330 5.49395e+06
21345 5.47882e+06
21360 5.46114e+06
21375 5.43536e+06
21390 5.39057e+06
21405 5.32842e+06
21420 5.24796e+06
21435 5.16838e+06
21450 5.09597e+06
21465 5.03677e+06
21480 5.00911e+06
21495 4.99392e+06
21510 4.98626e+06
21525 4.95908e+06
21540 4.90881e+06
21555 4.82655e+06
21570 4.72773e+06
21585 4.59961e+06
21600 4.43139e+06
21615 4.23401e+06
21630 4.0315e+06
21645 3.91047e+06
21660 3.85839e+06
21675 3.83474e+06
21690 3.82845e+06
21705 3.8329e+06
21720 3.83555e+06
21735 3.8157e+06
21750 3.75442e+06
21765 3.67862e+06
21780 3.59794e+06
21795 3.51213e+06
21810 3.46624e+06
21825 3.43475e+06
21840 3.42218e+06
21855 3.40672e+06
21870 3.39843e+06
21885 3.39482e+06
21900 3.39702e+06
21915 3.39608e+06
21930 3.38802e+06
21945 3.37591e+06
21960 3.37595e+06
21975 3.36568e+06
21990 3.3374e+06
22005 3.31841e+06
22020 3.31199e+06
22035 3.31563e+06
22050 3.31691e+06
22065 3.3085e+06
22080 3.29636e+06
22095 3.28751e+06
22110 3.27935e+06
22125 3.27421e+06
22140 3.27083e+06
22155 3.25876e+06
22170 3.23267e+06
22185 3.22113e+06
22200 3.22107e+06
22215 3.2254e+06
22230 3.229e+06
22245 3.2342e+06
22260 3.23898e+06
22275 3.24123e+06
22290 3.23321e+06
22305 3.21766e+06
22320 3.21407e+06
22335 3.21616e+06
22350 3.22033e+06
22365 3.21608e+06
22380 3.21111e+06
22395 3.20366e+06
22410 3.19834e+06
22425 3.193e+06
22440 3.18331e+06
22455 3.16943e+06
22470 3.15044e+06
22485 3.1342e+06
22500 3.12665e+06
22515 3.11608e+06
22530 3.11789e+06
22545 3.12821e+06
22560 3.12635e+06
22575 3.10245e+06
22590 3.08166e+06
22605 3.07935e+06
22620 3.06838e+06
22635 3.05102e+06
22650 3.01357e+06
22665 2.93165e+06
22680 2.81387e+06
22695 2.72302e+06
22710 2.68022e+06
22725 2.65802e+06
22740 2.65218e+06
22755 2.56783e+06
22770 2.29049e+06
22785 2.02246e+06
22800 1.86318e+06
22815 1.71149e+06
22830 1.55959e+06
22845 1.50718e+06
22860 1.48596e+06
22875 1.4511e+06
22890 1.42246e+06
22905 1.41082e+06
22920 1.40206e+06
22935 1.39343e+06
22950 1.38585e+06
22965 1.38284e+06
22980 1.37981e+06
22995 1.37922e+06
23010 1.38164e+06
23025 1.38947e+06
23040 1.40121e+06
23055 1.40783e+06
23070 1.41454e+06
23085 1.42323e+06
23100 1.42678e+06
23115 1.41221e+06
23130 1.39145e+06
23145 1.38066e+06
23160 1.36724e+06
23175 1.35214e+06
23190 1.33216e+06
23205 1.32333e+06
23220 1.31789e+06
23235 1.29521e+06
23250 1.25073e+06
23265 1.23428e+06
23280 1.22548e+06
23295 1.21825e+06
23310 1.21639e+06
23325 1.21736e+06
23340 1.21816e+06
23355 1.2114e+06
23370 1.20457e+06
23385 1.20273e+06
23400 1.20065e+06
23415 1.19426e+06
23430 1.18243e+06
23445 1.16853e+06
23460 1.15952e+06
23475 1.13262e+06
23490 1.11712e+06
23505 1.12526e+06
23520 1.12827e+06
23535 1.11923e+06
23550 1.11924e+06
23565 1.11225e+06
23580 1.10278e+06
23595 1.09238e+06
23610 1.08574e+06
23625 1.08297e+06
23640 1.08093e+06
23655 1.07424e+06
23670 1.06109e+06
23685 1.05044e+06
23700 1.03678e+06
23715 1.02153e+06
23730 1.00807e+06
23745 998389
23760 993355
23775 987579
23790 982992
23805 983018
23820 987049
23835 991608
23850 996885
23865 999826
23880 1.00172e+06
23895 991917
23910 971003
23925 966348
23940 964570
23955 966905
23970 964015
23985 948607
24000 937744
24015 924600
24030 912283
24045 902651
24060 896519
24075 889325
24090 888537
24105 886648
24120 881809
24135 880376
24150 875598
24165 868329
24180 862662
24195 855941
24210 851934
24225 850943
24240 848727
24255 846459
24270 847223
24285 848860
24300 849106
24315 848084
24330 846408
24345 847410
24360 850741
24375 856548
24390 861859
24405 865436
24420 865978
24435 865205
24450 864582
24465 863099
24480 861417
24495 862832
24510 867407
24525 875290
24540 882342
24555 886814
24570 888392
24585 884433
24600 879215
24615 878167
24630 882385
24645 884874
24660 881778
24675 880584
24690 878662
24705 873408
24720 865173
24735 859276
24750 853966
24765 850372
24780 847507
24795 843268
24810 838888
24825 835753
24840 832279
24855 830121
24870 829987
24885 831704
24900 833411
24915 834028
24930 838658
24945 843990
24960 847590
24975 850252
24990 851504
25005 850038
25020 845337
25035 842194
25050 843887
25065 847670
25080 852391
25095 855948
25110 857967
25125 859185
25140 858537
25155 857944
25170 858884
25185 860895
25200 861098
25215 857235
25230 847941
25245 836076
25260 822676
25275 812799
25290 806942
25305 803604
25320 802132
25335 799466
25350 792802
25365 781643
25380 768385
25395 756195
25410 750251
25425 749042
25440 750476
25455 753738
25470 756492
25485 755857
25500 752606
25515 752612
25530 759244
25545 768862
25560 777318
25575 783802
25590 786021
25605 783143
25620 783226
25635 786577
25650 789482
25665 791782
25680 795055
25695 797192
25710 796080
25725 793606
25740 790765
25755 783914
25770 773504
25785 762621
25800 753722
25815 746206
25830 739559
25845 731151
25860 721415
25875 712838
25890 707910
25905 707190
25920 707785
25935 707122
25950 707272
25965 708016
25980 708831
25995 708029
26010 706045
26025 706377
26040 708843
26055 712316
26070 713983
26085 714779
26100 718949
26115 725198
26130 735669
26145 746290
26160 749856
26175 747585
26190 744028
26205 740215
26220 737340
26235 737914
26250 736871
26265 731565
26280 725334
26295 722705
26310 724571
26325 727475
26340 727968
26355 725348
26370 722936
26385 723967
26400 729903
26415 734613
26430 737212
26445 738999
26460 740125
26475 742456
26490 747968
26505 753465
26520 760331
26535 766745
26550 767914
26565 763811
26580 760712
26595 763101
26610 770254
26625 779845
26640 786125
26655 784629
26670 778885
26685 776927
26700 780021
26715 784900
26730 790110
26745 790747
26760 784842
26775 777918
26790 775671
26805 776127
26820 778800
26835 781556
26850 778555
26865 772642
26880 769487
26895 766496
26910 764407
26925 770160
26940 779283
26955 784078
26970 781453
26985 773102
27000 761142
27015 752649
27030 755320
27045 761301
27060 761065
27075 752375
27090 740082
27105 735523
27120 741037
27135 745939
27150 742129
27165 732912
27180 721320
27195 707697
27210 697805
27225 691581
27240 685522
27255 683537
27270 684724
27285 680610
27300 670529
27315 659868
27330 651087
27345 647960
27360 646603
27375 642598
27390 637188
27405 632259
27420 631905
27435 634687
27450 641549
27465 643585
27480 636274
27495 627795
27510 625248
27525 628441
27540 634135
27555 638190
27570 638023
27585 637469
27600 640580
27615 642612
27630 645062
27645 647423
27660 647060
27675 644314
27690 642828
27705 642519
27720 643047
27735 645562
27750 646641
27765 647167
27780 644134
27795 639201
27810 638531
27825 640126
27840 640401
27855 635819
27870 628174
27885 622590
27900 621880
27915 625677
27930 628158
27945 622311
27960 616347
27975 612515
27990 608277
28005 608088
28020 608998
28035 605429
28050 598693
28065 596429
28080 599196
28095 600874
28110 599206
28125 597372
28140 597082
28155 598364
28170 598456
28185 595694
28200 596714
28215 599195
28230 602784
28245 605333
28260 602532
28275 599119
28290 598511
28305 598090
28320 598382
28335 603158
28350 605784
28365 600648
28380 595166
28395 595028
28410 595367
28425 592467
28440 587752
28455 583575
28470 584086
28485 587194
28500 584268
28515 577944
28530 568848
28545 559186
28560 556600
28575 559625
28590 558507
28605 549553
28620 542369
28635 540876
28650 546293
28665 555235
28680 555766
28695 546397
28710 537811
28725 540776
28740 549085
28755 553355
28770 549549
28785 545391
28800 548990
28815 557672
28830 564506
28845 560336
28860 551397
28875 549350
28890 552624
28905 555049
28920 554903
28935 555023
28950 556432
28965 560587
28980 566352
28995 567518
29010 564268
29025 564230
29040 566547
29055 564927
29070 563172
29085 563177
29100 561438
29115 559754
29130 564207
29145 572445
29160 573775
29175 562090
29190 550733
29205 545283
29220 545421
29235 545851
29250 542336
29265 537341
29280 534559
29295 536516
29310 541385
29325 542702
29340 538230
29355 535866
29370 537022
29385 537121
29400 536217
29415 538503
29430 540578
29445 543369
29460 549147
29475 555585
29490 555107
29505 545290
29520 538598
29535 539365
29550 542478
29565 539327
29580 527739
29595 521462
29610 524728
29625 530120
29640 527833
29655 516923
29670 507814
29685 504265
29700 504163
29715 501721
29730 496172
29745 490415
29760 487182
29775 490298
29790 497684
29805 498188
29820 490973
29835 484564
29850 483180
29865 483818
29880 485253
29895 488459
29910 493181
29925 497881
29940 502755
29955 506889
29970 507535
29985 506643
30000 504967
30015 504198
30030 505273
30045 505109
30060 502225
30075 499146
30090 498898
30105 502627
30120 505176
30135 504571
30150 503533
30165 503569
30180 504627
30195 504787
30210 504450
30225 506382
30240 511170
30255 517603
30270 523483
30285 526710
30300 528243
30315 531368
30330 537659
30345 544113
30360 547237
30375 546469
30390 541040
30405 532912
30420 527621
30435 527595
30450 530070
30465 530361
30480 527350
30495 524643
30510 523896
30525 523332
30540 522224
30555 521863
30570 522460
30585 522841
30600 521830
30615 519474
30630 516643
30645 517261
30660 521318
30675 527404
30690 532429
30705 536323
30720 541582
30735 548348
30750 556571
30765 566269
30780 575450
30795 582596
30810 587486
30825 588589
30840 585578
30855 581639
30870 577819
30885 570961
30900 560582
30915 548330
30930 536569
30945 526060
30960 517352
30975 510120
30990 504636
31005 501471
31020 497722
31035 492409
31050 485854
31065 481576
31080 480480
31095 480138
31110 479705
31125 478612
31140 476822
31155 475289
31170 473591
31185 474954
31200 479048
31215 484258
31230 486467
31245 484398
31260 480906
31275 478814
31290 478368
31305 476733
31320 472293
31335 467239
31350 463896
31365 462222
31380 459310
31395 456612
31410 455635
31425 454744
31440 452341
31455 450193
31470 451720
31485 455484
31500 459461
31515 460944
31530 459761
31545 459154
31560 460634
31575 463239
31590 466107
31605 467001
31620 465360
31635 460107
31650 452579
31665 447087
31680 445271
31695 445957
31710 446424
31725 443046
31740 437879
31755 434395
31770 433917
31785 436669
31800 440568
31815 443397
31830 444372
31845 442209
31860 438528
31875 435711
31890 433597
31905 430956
31920 425897
31935 419947
31950 413384
31965 406837
