0 2.64763e+07
35 2.64763e+07
70 2.64763e+07
105 2.64763e+07
140 2.64763e+07
175 2.64763e+07
210 2.64763e+07
245 2.64763e+07
280 2.64763e+07
315 2.64763e+07
350 2.64763e+07
385 2.64763e+07
420 2.64763e+07
455 2.64763e+07
490 2.64763e+07
525 2.64763e+07
560 2.64763e+07
595 2.64763e+07
630 2.64763e+07
665 2.64763e+07
700 2.64763e+07
735 2.64763e+07
770 2.64763e+07
805 2.64763e+07
840 2.64763e+07
875 2.64763e+07
910 2.64763e+07
945 2.64763e+07
980 2.64763e+07
1015 2.64763e+07
1050 2.64763e+07
1085 2.64763e+07
1120 2.64763e+07
1155 2.64763e+07
1190 2.64763e+07
1225 2.64763e+07
1260 2.64763e+07
1295 2.64763e+07
1330 2.64763e+07
1365 2.64763e+07
1400 2.64763e+07
1435 2.64763e+07
1470 2.64763e+07
1505 2.64763e+07
1540 2.64763e+07
1575 2.64763e+07
1610 2.64763e+07
1645 2.64763e+07
1680 2.64763e+07
1715 2.64763e+07
1750 2.64763e+07
1785 2.64763e+07
1820 2.64763e+07
1855 2.64763e+07
1890 2.64763e+07
1925 2.64763e+07
1960 2.64763e+07
1995 2.64763e+07
2030 2.64763e+07
2065 2.64763e+07
2100 2.64763e+07
2135 2.64763e+07
2170 2.64763e+07
2205 2.64763e+07
2240 2.64763e+07
2275 2.64763e+07
2310 2.64763e+07
2345 2.64763e+07
2380 2.64763e+07
2415 2.64763e+07
2450 2.64763e+07
2485 2.64763e+07
2520 2.64763e+07
2555 2.64763e+07
2590 2.64763e+07
2625 2.64763e+07
2660 2.64763e+07
2695 2.64763e+07
2730 2.64763e+07
2765 2.64763e+07
2800 2.64763e+07
2835 2.64763e+07
2870 2.64763e+07
2905 2.64763e+07
2940 2.64763e+07
2975 2.64763e+07
3010 2.64763e+07
3045 2.64763e+07
3080 2.64763e+07
3115 2.64763e+07
3150 2.64763e+07
3185 2.64763e+07
3220 2.64763e+07
3255 2.64763e+07
3290 2.64763e+07
3325 2.64763e+07
3360 2.64763e+07
3395 2.64763e+07
3430 2.64763e+07
3465 2.64763e+07
3500 2.64763e+07
3535 2.64763e+07
3570 2.64763e+07
3605 2.64763e+07
3640 2.64763e+07
3675 2.64763e+07
3710 2.64763e+07
3745 2.64763e+07
3780 2.64763e+07
3815 2.64763e+07
3850 2.64763e+07
3885 2.64763e+07
3920 2.64763e+07
3955 2.64763e+07
3990 2.64763e+07
4025 2.64763e+07
4060 2.64763e+07
4095 2.64763e+07
4130 2.64763e+07
4165 2.64763e+07
4200 2.64763e+07
4235 2.64763e+07
4270 2.64763e+07
4305 2.64763e+07
4340 2.64763e+07
4375 2.64763e+07
4410 2.64763e+07
4445 2.64763e+07
4480 2.64763e+07
4515 2.64763e+07
4550 2.64763e+07
4585 2.64763e+07
4620 2.64763e+07
4655 2.64763e+07
4690 2.64763e+07
4725 2.64763e+07
4760 2.64763e+07
4795 2.64763e+07
4830 2.64763e+07
4865 2.64763e+07
4900 2.64763e+07
4935 2.64763e+07
4970 2.64763e+07
5005 2.64763e+07
5040 2.64763e+07
5075 2.64763e+07
5110 2.64763e+07
5145 2.64763e+07
5180 2.64763e+07
5215 2.64763e+07
5250 2.64763e+07
5285 2.64763e+07
5320 2.64763e+07
5355 2.64763e+07
5390 2.64763e+07
5425 2.64763e+07
5460 2.64763e+07
5495 2.64763e+07
5530 2.64763e+07
5565 2.64763e+07
5600 2.64763e+07
5635 2.64763e+07
5670 2.64763e+07
5705 2.64763e+07
5740 2.64763e+07
5775 2.64763e+07
5810 2.64763e+07
5845 2.64763e+07
5880 2.64762e+07
5915 2.64762e+07
5950 2.64762e+07
5985 2.64762e+07
6020 2.64762e+07
6055 2.64763e+07
6090 2.64763e+07
6125 2.64763e+07
6160 2.64762e+07
6195 2.64762e+07
6230 2.64761e+07
6265 2.64761e+07
6300 2.64761e+07
6335 2.64762e+07
6370 2.64762e+07
6405 2.64763e+07
6440 2.64763e+07
6475 2.64762e+07
6510 2.64761e+07
6545 2.64759e+07
6580 2.64758e+07
6615 2.64759e+07
6650 2.6476e+07
6685 2.64761e+07
6720 2.64763e+07
6755 2.64763e+07
6790 2.64761e+07
6825 2.64759e+07
6860 2.64756e+07
6895 2.64754e+07
6930 2.64754e+07
6965 2.64755e+07
7000 2.64759e+07
7035 2.64762e+07
7070 2.64763e+07
7105 2.6476e+07
7140 2.64756e+07
7175 2.64751e+07
7210 2.64746e+07
7245 2.64745e+07
7280 2.64747e+07
7315 2.64752e+07
7350 2.6476e+07
7385 2.64763e+07
7420 2.64758e+07
7455 2.64752e+07
7490 2.64743e+07
7525 2.64733e+07
7560 2.64732e+07
7595 2.6473e+07
7630 2.64737e+07
7665 2.64752e+07
7700 2.64761e+07
7735 2.64753e+07
7770 2.64744e+07
7805 2.64731e+07
7840 2.64705e+07
7875 2.64711e+07
7910 2.64703e+07
7945 2.64704e+07
7980 2.64732e+07
8015 2.64751e+07
8050 2.64741e+07
8085 2.64716e+07
8120 2.6471e+07
8155 2.64652e+07
8190 2.64652e+07
8225 2.64663e+07
8260 2.64634e+07
8295 2.6468e+07
8330 2.6471e+07
8365 2.64711e+07
8400 2.64635e+07
8435 2.64638e+07
8470 2.64564e+07
8505 2.64489e+07
8540 2.6458e+07
8575 2.64508e+07
8610 2.64542e+07
8645 2.64611e+07
8680 2.64625e+07
8715 2.64496e+07
8750 2.64427e+07
8785 2.64417e+07
8820 2.64239e+07
8855 2.64188e+07
8890 2.64382e+07
8925 2.64247e+07
8960 2.64356e+07
8995 2.64472e+07
9030 2.64319e+07
9065 2.64059e+07
9100 2.64043e+07
9135 2.63938e+07
9170 2.63695e+07
9205 2.63686e+07
9240 2.63961e+07
9275 2.63845e+07
9310 2.63989e+07
9345 2.64075e+07
9380 2.63454e+07
9415 2.63112e+07
9450 2.63028e+07
9485 2.62877e+07
9520 2.62687e+07
9555 2.62724e+07
9590 2.62971e+07
9625 2.62991e+07
9660 2.63135e+07
9695 2.62722e+07
9730 2.61452e+07
9765 2.6087e+07
9800 2.6062e+07
9835 2.60621e+07
9870 2.60784e+07
9905 2.60842e+07
9940 2.61138e+07
9975 2.61577e+07
10010 2.61394e+07
10045 2.59758e+07
10080 2.58311e+07
10115 2.57904e+07
10150 2.58018e+07
10185 2.58403e+07
10220 2.58284e+07
10255 2.57535e+07
10290 2.57408e+07
10325 2.5911e+07
10360 2.58291e+07
10395 2.54781e+07
10430 2.53025e+07
10465 2.52519e+07
10500 2.52253e+07
10535 2.52053e+07
10570 2.52717e+07
10605 2.54122e+07
10640 2.55555e+07
10675 2.55023e+07
10710 2.51564e+07
10745 2.49017e+07
10780 2.48131e+07
10815 2.48406e+07
10850 2.49391e+07
10885 2.51176e+07
10920 2.51423e+07
10955 2.50777e+07
10990 2.49349e+07
11025 2.47885e+07
11060 2.4469e+07
11095 2.39541e+07
11130 2.35723e+07
11165 2.34542e+07
11200 2.36312e+07
11235 2.40188e+07
11270 2.4384e+07
11305 2.46623e+07
11340 2.45868e+07
11375 2.41052e+07
11410 2.35936e+07
11445 2.31891e+07
11480 2.29772e+07
11515 2.30431e+07
11550 2.34108e+07
11585 2.39188e+07
11620 2.43345e+07
11655 2.45516e+07
11690 2.43181e+07
11725 2.36146e+07
11760 2.29681e+07
11795 2.26354e+07
11830 2.25818e+07
11865 2.27961e+07
11900 2.32558e+07
11935 2.37975e+07
11970 2.40585e+07
12005 2.41265e+07
12040 2.3611e+07
12075 2.27722e+07
12110 2.20918e+07
12145 2.18052e+07
12180 2.18608e+07
12215 2.23225e+07
12250 2.32495e+07
12285 2.41853e+07
12320 2.43323e+07
12355 2.35716e+07
12390 2.27453e+07
12425 2.21115e+07
12460 2.19126e+07
12495 2.21043e+07
12530 2.26452e+07
12565 2.32629e+07
12600 2.3936e+07
12635 2.41231e+07
12670 2.35008e+07
12705 2.27722e+07
12740 2.21913e+07
12775 2.19324e+07
12810 2.20578e+07
12845 2.25069e+07
12880 2.30825e+07
12915 2.36277e+07
12950 2.40617e+07
12985 2.35805e+07
13020 2.28211e+07
13055 2.21996e+07
13090 2.19423e+07
13125 2.21265e+07
13160 2.25573e+07
13195 2.31839e+07
13230 2.36227e+07
13265 2.39063e+07
13300 2.33466e+07
13335 2.2704e+07
13370 2.21942e+07
13405 2.19417e+07
13440 2.20474e+07
13475 2.24341e+07
13510 2.29725e+07
13545 2.34717e+07
13580 2.36816e+07
13615 2.33018e+07
13650 2.28145e+07
13685 2.25861e+07
13720 2.24657e+07
13755 2.26263e+07
13790 2.30021e+07
13825 2.33575e+07
13860 2.36714e+07
13895 2.36701e+07
13930 2.33531e+07
13965 2.30445e+07
14000 2.28755e+07
14035 2.29036e+07
14070 2.30319e+07
14105 2.32919e+07
14140 2.34691e+07
14175 2.35807e+07
14210 2.35167e+07
14245 2.32874e+07
14280 2.3033e+07
14315 2.29127e+07
14350 2.29278e+07
14385 2.30806e+07
14420 2.33467e+07
14455 2.35168e+07
14490 2.34905e+07
14525 2.33702e+07
14560 2.32352e+07
14595 2.31902e+07
14630 2.31477e+07
14665 2.31541e+07
14700 2.33501e+07
14735 2.3497e+07
14770 2.36189e+07
14805 2.3491e+07
14840 2.33098e+07
14875 2.33515e+07
14910 2.34058e+07
14945 2.32749e+07
14980 2.32313e+07
15015 2.34089e+07
15050 2.3545e+07
15085 2.34813e+07
15120 2.33498e+07
15155 2.328e+07
15190 2.34048e+07
15225 2.33889e+07
15260 2.3339e+07
15295 2.3279e+07
15330 2.3302e+07
15365 2.33756e+07
15400 2.33706e+07
15435 2.33527e+07
15470 2.33295e+07
15505 2.34266e+07
15540 2.34205e+07
15575 2.33869e+07
15610 2.34003e+07
15645 2.34672e+07
15680 2.34286e+07
15715 2.3359e+07
15750 2.33993e+07
15785 2.34895e+07
15820 2.33953e+07
15855 2.33464e+07
15890 2.33502e+07
15925 2.3353e+07
15960 2.3338e+07
15995 2.33328e+07
16030 2.33354e+07
16065 2.34182e+07
16100 2.34099e+07
16135 2.3335e+07
16170 2.33056e+07
16205 2.33463e+07
16240 2.32942e+07
16275 2.33106e+07
16310 2.33207e+07
16345 2.32904e+07
16380 2.33014e+07
16415 2.33096e+07
16450 2.33129e+07
16485 2.32706e+07
16520 2.33053e+07
16555 2.33015e+07
16590 2.33039e+07
16625 2.33432e+07
16660 2.33072e+07
16695 2.33067e+07
16730 2.33218e+07
16765 2.33108e+07
16800 2.33144e+07
16835 2.33192e+07
16870 2.33101e+07
16905 2.33027e+07
16940 2.33429e+07
16975 2.33144e+07
17010 2.33415e+07
17045 2.3324e+07
17080 2.33057e+07
17115 2.33265e+07
17150 2.332e+07
17185 2.33428e+07
17220 2.33301e+07
17255 2.33217e+07
17290 2.33331e+07
17325 2.33333e+07
17360 2.33498e+07
17395 2.33411e+07
17430 2.33228e+07
17465 2.33458e+07
17500 2.33273e+07
17535 2.33636e+07
17570 2.33221e+07
17605 2.33391e+07
17640 2.33405e+07
17675 2.33419e+07
17710 2.33505e+07
17745 2.33457e+07
17780 2.33431e+07
17815 2.33548e+07
17850 2.33407e+07
17885 2.33599e+07
17920 2.3352e+07
17955 2.33563e+07
17990 2.33626e+07
18025 2.33566e+07
18060 2.33688e+07
18095 2.33706e+07
18130 2.33661e+07
18165 2.33822e+07
18200 2.33776e+07
18235 2.33807e+07
18270 2.33731e+07
18305 2.33626e+07
18340 2.33714e+07
18375 2.33704e+07
18410 2.33657e+07
18445 2.33627e+07
18480 2.3355e+07
18515 2.33605e+07
18550 2.33599e+07
18585 2.33709e+07
18620 2.33525e+07
18655 2.33627e+07
18690 2.33485e+07
18725 2.33469e+07
18760 2.33422e+07
18795 2.33488e+07
18830 2.3352e+07
18865 2.33503e+07
18900 2.33472e+07
18935 2.33473e+07
18970 2.33644e+07
19005 2.33579e+07
19040 2.33508e+07
19075 2.33464e+07
19110 2.33575e+07
19145 2.33539e+07
19180 2.33514e+07
19215 2.33577e+07
19250 2.3349e+07
19285 2.33524e+07
19320 2.33461e+07
19355 2.33579e+07
19390 2.33535e+07
19425 2.33581e+07
19460 2.33615e+07
19495 2.33603e+07
19530 2.33542e+07
19565 2.33522e+07
19600 2.33495e+07
19635 2.33546e+07
19670 2.33457e+07
19705 2.33495e+07
19740 2.33491e+07
19775 2.33498e+07
19810 2.33497e+07
19845 2.3355e+07
19880 2.33603e+07
19915 2.33667e+07
19950 2.33612e+07
19985 2.33593e+07
20020 2.3368e+07
20055 2.33626e+07
20090 2.33679e+07
20125 2.33689e+07
20160 2.33806e+07
20195 2.33724e+07
20230 2.33806e+07
20265 2.33791e+07
20300 2.33873e+07
20335 2.33748e+07
20370 2.33822e+07
20405 2.33788e+07
20440 2.33775e+07
20475 2.33819e+07
20510 2.33775e+07
20545 2.33811e+07
20580 2.33813e+07
20615 2.3368e+07
20650 2.33783e+07
20685 2.33827e+07
20720 2.34029e+07
20755 2.34261e+07
20790 2.34517e+07
20825 2.34309e+07
20860 2.34273e+07
20895 2.34182e+07
20930 2.34141e+07
20965 2.34125e+07
21000 2.34137e+07
21035 2.33995e+07
21070 2.34032e+07
21105 2.3392e+07
21140 2.3395e+07
21175 2.3378e+07
21210 2.33808e+07
21245 2.33755e+07
21280 2.33786e+07
21315 2.33825e+07
21350 2.33863e+07
21385 2.33944e+07
21420 2.33976e+07
21455 2.33859e+07
21490 2.33889e+07
21525 2.3399e+07
21560 2.34054e+07
21595 2.34216e+07
21630 2.34316e+07
21665 2.34192e+07
21700 2.34027e+07
21735 2.33961e+07
21770 2.33902e+07
21805 2.33958e+07
21840 2.3404e+07
21875 2.3412e+07
21910 2.342e+07
21945 2.34095e+07
21980 2.3407e+07
22015 2.34034e+07
22050 2.34046e+07
22085 2.34078e+07
22120 2.34054e+07
22155 2.3394e+07
22190 2.33939e+07
22225 2.33877e+07
22260 2.3378e+07
22295 2.33886e+07
22330 2.33752e+07
22365 2.33753e+07
22400 2.33811e+07
22435 2.33764e+07
22470 2.33855e+07
22505 2.33674e+07
22540 2.33744e+07
22575 2.33653e+07
22610 2.33727e+07
22645 2.33647e+07
22680 2.33652e+07
22715 2.3368e+07
22750 2.33614e+07
22785 2.33724e+07
22820 2.33575e+07
22855 2.33669e+07
22890 2.33586e+07
22925 2.3362e+07
22960 2.33684e+07
22995 2.33561e+07
23030 2.33737e+07
23065 2.33753e+07
23100 2.33894e+07
23135 2.33936e+07
23170 2.33794e+07
23205 2.33918e+07
23240 2.33745e+07
23275 2.33789e+07
23310 2.33677e+07
23345 2.33745e+07
23380 2.33757e+07
23415 2.33829e+07
23450 2.3385e+07
23485 2.33856e+07
23520 2.338e+07
23555 2.33808e+07
23590 2.33885e+07
23625 2.34035e+07
23660 2.34229e+07
23695 2.34507e+07
23730 2.34534e+07
23765 2.34402e+07
23800 2.34212e+07
23835 2.33996e+07
23870 2.33933e+07
23905 2.33796e+07
23940 2.33792e+07
23975 2.33674e+07
24010 2.33757e+07
24045 2.33718e+07
24080 2.33695e+07
24115 2.33682e+07
24150 2.33675e+07
24185 2.33628e+07
24220 2.33663e+07
24255 2.33649e+07
24290 2.33642e+07
24325 2.33597e+07
24360 2.33629e+07
24395 2.33663e+07
24430 2.33642e+07
24465 2.33651e+07
24500 2.33603e+07
24535 2.33602e+07
24570 2.33564e+07
24605 2.33591e+07
24640 2.33582e+07
24675 2.33493e+07
24710 2.33583e+07
24745 2.33505e+07
24780 2.33579e+07
24815 2.33565e+07
24850 2.33505e+07
24885 2.33524e+07
24920 2.33497e+07
24955 2.3355e+07
24990 2.33541e+07
25025 2.33547e+07
25060 2.33551e+07
25095 2.33574e+07
25130 2.3363e+07
25165 2.33566e+07
25200 2.3362e+07
25235 2.33541e+07
25270 2.33566e+07
25305 2.33526e+07
25340 2.33528e+07
25375 2.33585e+07
25410 2.33571e+07
25445 2.33625e+07
25480 2.33606e+07
25515 2.33721e+07
25550 2.33703e+07
25585 2.33808e+07
25620 2.33781e+07
25655 2.33864e+07
25690 2.33897e+07
25725 2.33941e+07
25760 2.33998e+07
25795 2.33919e+07
25830 2.33936e+07
25865 2.33928e+07
25900 2.3398e+07
25935 2.33979e+07
25970 2.33933e+07
26005 2.33894e+07
26040 2.33847e+07
26075 2.33861e+07
26110 2.33795e+07
26145 2.33821e+07
26180 2.33747e+07
26215 2.33771e+07
26250 2.33757e+07
26285 2.33761e+07
26320 2.3374e+07
26355 2.33753e+07
26390 2.33799e+07
26425 2.33806e+07
26460 2.33794e+07
26495 2.33775e+07
26530 2.33756e+07
26565 2.33759e+07
26600 2.33723e+07
26635 2.33779e+07
26670 2.33745e+07
26705 2.33785e+07
26740 2.33753e+07
26775 2.33835e+07
26810 2.33789e+07
26845 2.33861e+07
26880 2.33828e+07
26915 2.33833e+07
26950 2.338e+07
26985 2.33761e+07
27020 2.33765e+07
27055 2.33744e+07
27090 2.33768e+07
27125 2.33732e+07
27160 2.33736e+07
27195 2.33694e+07
27230 2.33733e+07
27265 2.3373e+07
27300 2.33762e+07
27335 2.33772e+07
27370 2.33749e+07
27405 2.33714e+07
27440 2.33721e+07
27475 2.33704e+07
27510 2.33738e+07
27545 2.3374e+07
27580 2.33802e+07
27615 2.33793e+07
27650 2.33868e+07
27685 2.3382e+07
27720 2.33845e+07
27755 2.33849e+07
27790 2.33843e+07
27825 2.33913e+07
27860 2.33839e+07
27895 2.33886e+07
27930 2.33856e+07
27965 2.33957e+07
28000 2.33923e+07
28035 2.3395e+07
28070 2.33968e+07
28105 2.34012e+07
28140 2.34038e+07
28175 2.34112e+07
28210 2.34143e+07
28245 2.34167e+07
28280 2.34186e+07
28315 2.34163e+07
28350 2.34167e+07
28385 2.34134e+07
28420 2.34135e+07
28455 2.34195e+07
28490 2.34163e+07
28525 2.34209e+07
28560 2.34191e+07
28595 2.34234e+07
28630 2.34159e+07
28665 2.34139e+07
28700 2.34045e+07
28735 2.34058e+07
28770 2.33968e+07
28805 2.33932e+07
28840 2.33903e+07
28875 2.3392e+07
28910 2.33925e+07
28945 2.33999e+07
28980 2.33989e+07
29015 2.34034e+07
29050 2.33996e+07
29085 2.33976e+07
29120 2.33868e+07
29155 2.33926e+07
29190 2.33914e+07
29225 2.33976e+07
29260 2.33956e+07
29295 2.33935e+07
29330 2.33945e+07
29365 2.33934e+07
29400 2.33997e+07
29435 2.33977e+07
29470 2.33973e+07
29505 2.33892e+07
29540 2.33944e+07
29575 2.33926e+07
29610 2.33988e+07
29645 2.33936e+07
29680 2.33909e+07
29715 2.33869e+07
29750 2.33856e+07
29785 2.33903e+07
29820 2.33979e+07
29855 2.34049e+07
29890 2.34019e+07
29925 2.3394e+07
29960 2.33829e+07
29995 2.3382e+07
30030 2.33789e+07
30065 2.33802e+07
30100 2.33809e+07
30135 2.33777e+07
30170 2.3379e+07
30205 2.33815e+07
30240 2.33831e+07
30275 2.33834e+07
30310 2.33834e+07
30345 2.33796e+07
30380 2.33735e+07
30415 2.33762e+07
30450 2.33734e+07
30485 2.3374e+07
30520 2.33746e+07
30555 2.33721e+07
30590 2.33789e+07
30625 2.3381e+07
30660 2.33921e+07
30695 2.33889e+07
30730 2.33943e+07
30765 2.33942e+07
30800 2.33879e+07
30835 2.33878e+07
30870 2.33833e+07
30905 2.33867e+07
30940 2.33856e+07
30975 2.33837e+07
31010 2.3385e+07
31045 2.33852e+07
31080 2.33883e+07
31115 2.33885e+07
31150 2.33975e+07
31185 2.33958e+07
31220 2.34078e+07
31255 2.33974e+07
31290 2.33952e+07
31325 2.33846e+07
31360 2.33815e+07
31395 2.33729e+07
31430 2.33655e+07
31465 2.33594e+07
31500 2.33505e+07
31535 2.33482e+07
31570 2.33377e+07
31605 2.3333e+07
31640 2.33193e+07
31675 2.33177e+07
31710 2.3307e+07
31745 2.33081e+07
31780 2.33066e+07
31815 2.33057e+07
31850 2.32917e+07
31885 2.32881e+07
31920 2.32756e+07
31955 2.32701e+07
31990 2.32594e+07
32025 2.3256e+07
32060 2.32455e+07
32095 2.32414e+07
32130 2.3237e+07
32165 2.32302e+07
32200 2.32189e+07
32235 2.32044e+07
32270 2.31881e+07
32305 2.31639e+07
32340 2.31518e+07
32375 2.3151e+07
32410 2.31445e+07
32445 2.31445e+07
32480 2.31327e+07
32515 2.31229e+07
32550 2.31031e+07
32585 2.30886e+07
32620 2.30536e+07
32655 2.30281e+07
32690 2.30133e+07
32725 2.30128e+07
32760 2.30005e+07
32795 2.29964e+07
32830 2.29797e+07
32865 2.29533e+07
32900 2.2927e+07
32935 2.28901e+07
32970 2.28436e+07
33005 2.28001e+07
33040 2.27948e+07
33075 2.2772e+07
33110 2.27687e+07
33145 2.27592e+07
33180 2.27476e+07
33215 2.27145e+07
33250 2.26799e+07
33285 2.26277e+07
33320 2.25581e+07
33355 2.25048e+07
33390 2.24921e+07
33425 2.24479e+07
33460 2.24401e+07
33495 2.24222e+07
33530 2.23944e+07
33565 2.23453e+07
33600 2.2296e+07
33635 2.22188e+07
33670 2.21327e+07
33705 2.20809e+07
33740 2.20529e+07
33775 2.20005e+07
33810 2.19769e+07
33845 2.1959e+07
33880 2.1936e+07
33915 2.18733e+07
33950 2.17861e+07
33985 2.16863e+07
34020 2.15849e+07
34055 2.15513e+07
34090 2.1483e+07
34125 2.14264e+07
34160 2.13701e+07
34195 2.13283e+07
34230 2.12937e+07
34265 2.12586e+07
34300 2.11939e+07
34335 2.10836e+07
34370 2.09587e+07
34405 2.09136e+07
34440 2.08594e+07
34475 2.07908e+07
34510 2.07163e+07
34545 2.06475e+07
34580 2.06029e+07
34615 2.05392e+07
34650 2.04165e+07
34685 2.02409e+07
34720 2.01009e+07
34755 2.00628e+07
34790 1.98806e+07
34825 1.98054e+07
34860 1.97105e+07
34895 1.96368e+07
34930 1.95566e+07
34965 1.94603e+07
35000 1.93632e+07
35035 1.92648e+07
35070 1.92478e+07
35105 1.91804e+07
35140 1.912e+07
35175 1.90628e+07
35210 1.89379e+07
35245 1.87392e+07
35280 1.86356e+07
35315 1.85112e+07
35350 1.84325e+07
35385 1.83907e+07
35420 1.83508e+07
35455 1.83249e+07
35490 1.82484e+07
35525 1.78528e+07
35560 1.74076e+07
35595 1.70769e+07
35630 1.68706e+07
35665 1.6746e+07
35700 1.66627e+07
35735 1.66014e+07
35770 1.65614e+07
35805 1.65234e+07
35840 1.64806e+07
35875 1.62002e+07
35910 1.59794e+07
35945 1.57117e+07
