0 1.94165e+07
23 1.94166e+07
46 1.94166e+07
69 1.94166e+07
92 1.94166e+07
115 1.94166e+07
138 1.94166e+07
161 1.94166e+07
184 1.94166e+07
207 1.94166e+07
230 1.94167e+07
253 1.94167e+07
276 1.94167e+07
299 1.94167e+07
322 1.94167e+07
345 1.94167e+07
368 1.94167e+07
391 1.94167e+07
414 1.94167e+07
437 1.94167e+07
460 1.94167e+07
483 1.94168e+07
506 1.94168e+07
529 1.94168e+07
552 1.94168e+07
575 1.94168e+07
598 1.94168e+07
621 1.94168e+07
644 1.94168e+07
667 1.94168e+07
690 1.94169e+07
713 1.94169e+07
736 1.94169e+07
759 1.94169e+07
782 1.94169e+07
805 1.94169e+07
828 1.94169e+07
851 1.94169e+07
874 1.94169e+07
897 1.94169e+07
920 1.9417e+07
943 1.9417e+07
966 1.9417e+07
989 1.9417e+07
1012 1.9417e+07
1035 1.9417e+07
1058 1.9417e+07
1081 1.9417e+07
1104 1.9417e+07
1127 1.9417e+07
1150 1.9417e+07
1173 1.9417e+07
1196 1.94171e+07
1219 1.94171e+07
1242 1.94171e+07
1265 1.94171e+07
1288 1.94171e+07
1311 1.94171e+07
1334 1.94171e+07
1357 1.94171e+07
1380 1.94171e+07
1403 1.94171e+07
1426 1.94172e+07
1449 1.94172e+07
1472 1.94172e+07
1495 1.94172e+07
1518 1.94172e+07
1541 1.94172e+07
1564 1.94172e+07
1587 1.94172e+07
1610 1.94172e+07
1633 1.94172e+07
1656 1.94172e+07
1679 1.94172e+07
1702 1.94172e+07
1725 1.94173e+07
1748 1.94173e+07
1771 1.94173e+07
1794 1.94173e+07
1817 1.94173e+07
1840 1.94173e+07
1863 1.94173e+07
1886 1.94173e+07
1909 1.94173e+07
1932 1.94173e+07
1955 1.94174e+07
1978 1.94174e+07
2001 1.94173e+07
2024 1.94173e+07
2047 1.94173e+07
2070 1.94174e+07
2093 1.94174e+07
2116 1.94173e+07
2139 1.94173e+07
2162 1.94173e+07
2185 1.94174e+07
2208 1.94174e+07
2231 1.94174e+07
2254 1.94174e+07
2277 1.94174e+07
2300 1.94174e+07
2323 1.94174e+07
2346 1.94174e+07
2369 1.94174e+07
2392 1.94174e+07
2415 1.94174e+07
2438 1.94174e+07
2461 1.94174e+07
2484 1.94174e+07
2507 1.94175e+07
2530 1.94175e+07
2553 1.94174e+07
2576 1.94174e+07
2599 1.94174e+07
2622 1.94174e+07
2645 1.94174e+07
2668 1.94175e+07
2691 1.94175e+07
2714 1.94175e+07
2737 1.94175e+07
2760 1.94175e+07
2783 1.94175e+07
2806 1.94175e+07
2829 1.94175e+07
2852 1.94175e+07
2875 1.94175e+07
2898 1.94175e+07
2921 1.94175e+07
2944 1.94175e+07
2967 1.94176e+07
2990 1.94176e+07
3013 1.94175e+07
3036 1.94175e+07
3059 1.94175e+07
3082 1.94175e+07
3105 1.94175e+07
3128 1.94175e+07
3151 1.94176e+07
3174 1.94175e+07
3197 1.94175e+07
3220 1.94175e+07
3243 1.94175e+07
3266 1.94175e+07
3289 1.94176e+07
3312 1.94176e+07
3335 1.94176e+07
3358 1.94176e+07
3381 1.94176e+07
3404 1.94176e+07
3427 1.94176e+07
3450 1.94176e+07
3473 1.94176e+07
3496 1.94176e+07
3519 1.94176e+07
3542 1.94176e+07
3565 1.94176e+07
3588 1.94176e+07
3611 1.94176e+07
3634 1.94176e+07
3657 1.94176e+07
3680 1.94176e+07
3703 1.94176e+07
3726 1.94176e+07
3749 1.94177e+07
3772 1.94177e+07
3795 1.94176e+07
3818 1.94176e+07
3841 1.94176e+07
3864 1.94176e+07
3887 1.94177e+07
3910 1.94176e+07
3933 1.94176e+07
3956 1.94176e+07
3979 1.94176e+07
4002 1.94176e+07
4025 1.94176e+07
4048 1.94176e+07
4071 1.94176e+07
4094 1.94176e+07
4117 1.94176e+07
4140 1.94176e+07
4163 1.94176e+07
4186 1.94176e+07
4209 1.94176e+07
4232 1.94176e+07
4255 1.94176e+07
4278 1.94176e+07
4301 1.94176e+07
4324 1.94176e+07
4347 1.94176e+07
4370 1.94176e+07
4393 1.94176e+07
4416 1.94176e+07
4439 1.94176e+07
4462 1.94176e+07
4485 1.94176e+07
4508 1.94176e+07
4531 1.94176e+07
4554 1.94176e+07
4577 1.94176e+07
4600 1.94176e+07
4623 1.94176e+07
4646 1.94176e+07
4669 1.94176e+07
4692 1.94177e+07
4715 1.94177e+07
4738 1.94177e+07
4761 1.94177e+07
4784 1.94177e+07
4807 1.94177e+07
4830 1.94173e+07
4853 1.94159e+07
4876 1.94165e+07
4899 1.94135e+07
4922 1.93956e+07
4945 1.93674e+07
4968 1.93697e+07
4991 1.91384e+07
5014 1.90773e+07
5037 1.89216e+07
5060 1.90061e+07
5083 1.81474e+07
5106 1.78015e+07
5129 1.82985e+07
5152 1.8059e+07
5175 1.7203e+07
5198 1.72512e+07
5221 1.75799e+07
5244 1.67949e+07
5267 1.65188e+07
5290 1.70905e+07
5313 1.6783e+07
5336 1.63093e+07
5359 1.64663e+07
5382 1.66023e+07
5405 1.58757e+07
5428 1.62987e+07
5451 1.59415e+07
5474 1.61768e+07
5497 1.51599e+07
5520 1.5081e+07
5543 1.57058e+07
5566 1.51913e+07
5589 1.51149e+07
5612 1.53195e+07
5635 1.5302e+07
5658 1.48827e+07
5681 1.49902e+07
5704 1.51065e+07
5727 1.46326e+07
5750 1.46093e+07
5773 1.47978e+07
5796 1.46662e+07
5819 1.47201e+07
5842 1.45216e+07
5865 1.47836e+07
5888 1.45023e+07
5911 1.4488e+07
5934 1.46254e+07
5957 1.44715e+07
5980 1.44229e+07
6003 1.45724e+07
6026 1.45364e+07
6049 1.44731e+07
6072 1.45188e+07
6095 1.45649e+07
6118 1.44776e+07
6141 1.44468e+07
6164 1.44951e+07
6187 1.44848e+07
6210 1.44049e+07
6233 1.44677e+07
6256 1.44533e+07
6279 1.44378e+07
6302 1.44476e+07
6325 1.44495e+07
6348 1.44839e+07
6371 1.44393e+07
6394 1.44749e+07
6417 1.4471e+07
6440 1.4432e+07
6463 1.44589e+07
6486 1.44716e+07
6509 1.4447e+07
6532 1.44286e+07
6555 1.44657e+07
6578 1.44505e+07
6601 1.44427e+07
6624 1.44536e+07
6647 1.44455e+07
6670 1.44375e+07
6693 1.44576e+07
6716 1.44624e+07
6739 1.44552e+07
6762 1.44511e+07
6785 1.44467e+07
6808 1.44528e+07
6831 1.44529e+07
6854 1.44169e+07
6877 1.444e+07
6900 1.44402e+07
6923 1.44218e+07
6946 1.44464e+07
6969 1.44183e+07
6992 1.4428e+07
7015 1.44183e+07
7038 1.44364e+07
7061 1.44267e+07
7084 1.44352e+07
7107 1.44223e+07
7130 1.44166e+07
7153 1.44163e+07
7176 1.44152e+07
7199 1.44107e+07
7222 1.44153e+07
7245 1.44076e+07
7268 1.4412e+07
7291 1.44145e+07
7314 1.44043e+07
7337 1.44053e+07
7360 1.44188e+07
7383 1.44038e+07
7406 1.44031e+07
7429 1.44102e+07
7452 1.43999e+07
7475 1.44025e+07
7498 1.43938e+07
7521 1.43969e+07
7544 1.43843e+07
7567 1.44107e+07
7590 1.43979e+07
7613 1.43886e+07
7636 1.43997e+07
7659 1.43847e+07
7682 1.4393e+07
7705 1.43814e+07
7728 1.43848e+07
7751 1.43815e+07
7774 1.43843e+07
7797 1.43855e+07
7820 1.43757e+07
7843 1.43768e+07
7866 1.43724e+07
7889 1.43794e+07
7912 1.43761e+07
7935 1.43788e+07
7958 1.43771e+07
7981 1.43773e+07
8004 1.43906e+07
8027 1.43805e+07
8050 1.4382e+07
8073 1.43853e+07
8096 1.43846e+07
8119 1.43833e+07
8142 1.43794e+07
8165 1.43793e+07
8188 1.43846e+07
8211 1.43712e+07
8234 1.4385e+07
8257 1.43896e+07
8280 1.43763e+07
8303 1.43739e+07
8326 1.43757e+07
8349 1.43828e+07
8372 1.43738e+07
8395 1.43874e+07
8418 1.43837e+07
8441 1.4379e+07
8464 1.43782e+07
8487 1.43753e+07
8510 1.43846e+07
8533 1.43895e+07
8556 1.43834e+07
8579 1.43845e+07
8602 1.4384e+07
8625 1.43785e+07
8648 1.43845e+07
8671 1.43823e+07
8694 1.43786e+07
8717 1.4382e+07
8740 1.43841e+07
8763 1.43848e+07
8786 1.43874e+07
8809 1.43866e+07
8832 1.43895e+07
8855 1.43899e+07
8878 1.43896e+07
8901 1.43851e+07
8924 1.43969e+07
8947 1.43915e+07
8970 1.43893e+07
8993 1.43915e+07
9016 1.43854e+07
9039 1.43914e+07
9062 1.43935e+07
9085 1.43933e+07
9108 1.43974e+07
9131 1.44007e+07
9154 1.4401e+07
9177 1.43936e+07
9200 1.43928e+07
9223 1.43947e+07
9246 1.4392e+07
9269 1.43937e+07
9292 1.4393e+07
9315 1.43946e+07
9338 1.43934e+07
9361 1.439e+07
9384 1.43897e+07
9407 1.43961e+07
9430 1.43876e+07
9453 1.43784e+07
9476 1.43787e+07
9499 1.43856e+07
9522 1.43867e+07
9545 1.43884e+07
9568 1.4392e+07
9591 1.4396e+07
9614 1.43983e+07
9637 1.43996e+07
9660 1.43925e+07
9683 1.43916e+07
9706 1.43952e+07
9729 1.43952e+07
9752 1.43961e+07
9775 1.43938e+07
9798 1.43882e+07
9821 1.43873e+07
9844 1.43877e+07
9867 1.43898e+07
9890 1.43873e+07
9913 1.43919e+07
9936 1.43874e+07
9959 1.4385e+07
9982 1.43923e+07
10005 1.43913e+07
10028 1.43945e+07
10051 1.43953e+07
10074 1.43903e+07
10097 1.43846e+07
10120 1.4385e+07
10143 1.43894e+07
10166 1.43857e+07
10189 1.43886e+07
10212 1.43919e+07
10235 1.43859e+07
10258 1.43891e+07
10281 1.43948e+07
10304 1.43882e+07
10327 1.43868e+07
10350 1.43823e+07
10373 1.43853e+07
10396 1.43874e+07
10419 1.43836e+07
10442 1.43837e+07
10465 1.43889e+07
10488 1.43846e+07
10511 1.4383e+07
10534 1.43826e+07
10557 1.4381e+07
10580 1.43784e+07
10603 1.43838e+07
10626 1.43843e+07
10649 1.43762e+07
10672 1.43792e+07
10695 1.43886e+07
10718 1.43821e+07
10741 1.43766e+07
10764 1.43761e+07
10787 1.43787e+07
10810 1.43765e+07
10833 1.4375e+07
10856 1.4373e+07
10879 1.43727e+07
10902 1.4374e+07
10925 1.43721e+07
10948 1.43751e+07
10971 1.43732e+07
10994 1.43704e+07
11017 1.43685e+07
11040 1.43722e+07
11063 1.43712e+07
11086 1.43688e+07
11109 1.43672e+07
11132 1.4368e+07
11155 1.43691e+07
11178 1.43729e+07
11201 1.43713e+07
11224 1.43635e+07
11247 1.43646e+07
11270 1.43682e+07
11293 1.4369e+07
11316 1.43674e+07
11339 1.43626e+07
11362 1.43641e+07
11385 1.43652e+07
11408 1.43669e+07
11431 1.43661e+07
11454 1.43717e+07
11477 1.4376e+07
11500 1.43714e+07
11523 1.43739e+07
11546 1.43832e+07
11569 1.43967e+07
11592 1.44267e+07
11615 1.44615e+07
11638 1.44775e+07
11661 1.45153e+07
11684 1.45289e+07
11707 1.45966e+07
11730 1.46019e+07
11753 1.46167e+07
11776 1.45987e+07
11799 1.46241e+07
11822 1.46084e+07
11845 1.46282e+07
11868 1.46264e+07
11891 1.46482e+07
11914 1.46343e+07
11937 1.46596e+07
11960 1.46438e+07
11983 1.46342e+07
12006 1.46278e+07
12029 1.46308e+07
12052 1.46408e+07
12075 1.46476e+07
12098 1.46483e+07
12121 1.46545e+07
12144 1.47034e+07
12167 1.46496e+07
12190 1.46482e+07
12213 1.46546e+07
12236 1.46545e+07
12259 1.46657e+07
12282 1.4646e+07
12305 1.46444e+07
12328 1.46465e+07
12351 1.4643e+07
12374 1.46422e+07
12397 1.465e+07
12420 1.46518e+07
12443 1.46437e+07
12466 1.46392e+07
12489 1.46321e+07
12512 1.46318e+07
12535 1.46355e+07
12558 1.46385e+07
12581 1.46379e+07
12604 1.46392e+07
12627 1.46379e+07
12650 1.463e+07
12673 1.46302e+07
12696 1.46297e+07
12719 1.46337e+07
12742 1.46341e+07
12765 1.46236e+07
12788 1.46197e+07
12811 1.46194e+07
12834 1.4622e+07
12857 1.46222e+07
12880 1.4618e+07
12903 1.46151e+07
12926 1.4616e+07
12949 1.4613e+07
12972 1.46075e+07
12995 1.46039e+07
13018 1.46027e+07
13041 1.46043e+07
13064 1.46018e+07
13087 1.46034e+07
13110 1.45988e+07
13133 1.45971e+07
13156 1.45991e+07
13179 1.45937e+07
13202 1.45901e+07
13225 1.4593e+07
13248 1.45924e+07
13271 1.45889e+07
13294 1.45861e+07
13317 1.45864e+07
13340 1.45858e+07
13363 1.45815e+07
13386 1.45819e+07
13409 1.45778e+07
13432 1.45732e+07
13455 1.45739e+07
13478 1.45732e+07
13501 1.45696e+07
13524 1.45664e+07
13547 1.45643e+07
13570 1.45613e+07
13593 1.45612e+07
13616 1.45579e+07
13639 1.45562e+07
13662 1.45519e+07
13685 1.45506e+07
13708 1.45438e+07
13731 1.45406e+07
13754 1.45429e+07
13777 1.45431e+07
13800 1.45365e+07
13823 1.45334e+07
13846 1.45323e+07
13869 1.45302e+07
13892 1.45282e+07
13915 1.45264e+07
13938 1.45237e+07
13961 1.45217e+07
13984 1.45206e+07
14007 1.45185e+07
14030 1.45138e+07
14053 1.45117e+07
14076 1.45111e+07
14099 1.45096e+07
14122 1.4505e+07
14145 1.45031e+07
14168 1.45022e+07
14191 1.45017e+07
14214 1.44991e+07
14237 1.44953e+07
14260 1.44918e+07
14283 1.4487e+07
14306 1.44887e+07
14329 1.44854e+07
14352 1.44805e+07
14375 1.44824e+07
14398 1.44857e+07
14421 1.44829e+07
14444 1.44773e+07
14467 1.44733e+07
14490 1.44737e+07
14513 1.44726e+07
14536 1.44678e+07
14559 1.4462e+07
14582 1.44618e+07
14605 1.44623e+07
14628 1.44625e+07
14651 1.44616e+07
14674 1.44567e+07
14697 1.44518e+07
14720 1.44503e+07
14743 1.44527e+07
14766 1.44499e+07
14789 1.44429e+07
14812 1.44448e+07
14835 1.44402e+07
14858 1.44311e+07
14881 1.44247e+07
14904 1.44069e+07
14927 1.43369e+07
14950 1.42053e+07
14973 1.40595e+07
14996 1.4006e+07
15019 1.36901e+07
15042 1.34578e+07
15065 1.29717e+07
15088 1.28435e+07
15111 1.22004e+07
15134 1.17696e+07
15157 1.15863e+07
15180 1.11313e+07
15203 1.05002e+07
15226 1.03522e+07
15249 1.0167e+07
15272 9.24648e+06
15295 9.08869e+06
15318 8.93038e+06
15341 8.31018e+06
15364 7.83892e+06
15387 7.7197e+06
15410 7.39346e+06
15433 6.74951e+06
15456 6.65923e+06
15479 6.61767e+06
15502 6.31569e+06
15525 6.14924e+06
15548 6.09257e+06
15571 5.94901e+06
15594 5.1128e+06
15617 4.94682e+06
15640 4.80622e+06
15663 4.31649e+06
15686 3.83746e+06
15709 3.80166e+06
15732 3.63132e+06
15755 3.27337e+06
15778 3.19978e+06
15801 3.07504e+06
15824 2.70941e+06
15847 2.64582e+06
15870 2.57497e+06
15893 2.24326e+06
15916 1.995e+06
15939 1.95029e+06
15962 1.80271e+06
15985 1.67206e+06
16008 1.53141e+06
16031 1.45644e+06
16054 1.29646e+06
16077 1.26053e+06
16100 1.21974e+06
16123 1.08414e+06
16146 1.00775e+06
16169 932726
16192 873470
16215 816799
16238 780914
16261 768890
16284 708904
16307 678583
16330 661167
16353 626876
16376 593682
16399 573160
16422 554304
16445 526508
16468 500647
16491 486461
16514 466931
16537 454061
16560 449209
16583 438897
16606 424499
16629 415481
16652 407756
16675 395631
16698 392338
16721 390346
16744 385845
16767 380984
16790 374237
16813 370073
16836 365166
16859 361984
16882 362366
16905 362271
16928 357133
16951 351379
16974 350193
16997 344532
17020 338598
17043 335676
17066 331613
17089 326761
17112 324441
17135 320814
17158 317611
17181 315921
17204 312739
17227 311156
17250 307966
17273 303438
17296 303640
17319 301196
17342 295315
17365 295945
17388 295509
17411 293501
17434 293072
17457 290802
17480 289029
17503 285049
17526 282409
17549 280950
17572 276713
17595 273269
17618 270814
17641 268936
17664 270294
17687 267527
17710 264589
17733 267391
17756 278655
17779 295315
17802 318764
17825 352051
17848 374942
17871 369090
17894 348820
17917 339215
17940 324684
17963 329347
17986 343048
18009 344198
18032 335867
18055 328948
18078 326630
18101 333787
18124 319654
18147 298171
18170 281514
18193 274355
18216 271236
18239 275211
18262 281426
18285 284358
18308 284654
18331 276188
18354 289440
18377 287732
18400 282870
18423 274273
18446 262307
18469 249061
18492 244945
18515 246950
18538 249890
18561 244571
18584 240411
18607 236326
18630 232417
18653 236856
18676 237629
18699 239441
18722 227296
18745 221890
18768 225610
18791 223540
18814 220721
18837 217926
18860 218493
18883 215402
18906 213819
18929 209711
18952 211317
18975 208373
18998 207773
19021 208716
19044 206883
19067 209584
19090 205380
19113 206026
19136 203400
19159 198931
19182 200227
19205 198621
19228 197440
19251 195599
19274 193354
19297 195515
19320 196125
19343 193331
19366 192264
19389 191038
19412 192795
19435 192295
19458 193980
19481 189639
19504 189422
19527 189411
19550 188217
19573 189640
19596 186582
19619 187325
19642 186524
19665 183863
19688 186458
19711 183012
19734 182569
19757 183049
19780 183395
19803 186095
19826 180543
19849 182388
19872 183018
19895 180913
19918 181227
19941 179267
19964 181126
19987 180578
20010 177872
20033 177220
20056 177060
20079 177779
20102 172898
20125 173879
20148 174310
20171 172319
20194 171777
20217 172729
20240 172058
20263 170352
20286 170055
20309 172056
20332 169295
20355 168652
20378 168942
20401 167477
20424 168840
20447 167622
20470 167879
20493 168746
20516 166892
20539 165069
20562 166528
20585 166233
20608 166042
20631 166348
20654 167081
20677 165516
20700 165323
20723 164820
20746 165640
20769 166142
20792 163064
20815 164703
20838 164698
20861 163558
20884 162666
20907 161759
20930 160957
20953 159557
20976 159823
20999 159642
21022 159413
21045 160739
21068 159527
21091 159134
21114 158461
21137 156604
21160 158804
21183 160741
21206 159852
21229 157266
21252 157712
21275 159567
21298 155848
21321 156450
21344 156990
21367 156330
21390 155420
21413 154173
21436 153946
21459 155691
21482 155019
21505 154235
21528 155337
21551 157155
21574 152824
21597 152110
21620 154699
21643 155049
21666 154684
21689 150640
21712 152628
21735 152946
21758 151847
21781 151717
21804 153275
21827 150710
21850 149351
21873 150072
21896 151045
21919 150292
21942 149576
21965 148933
21988 149661
22011 149741
22034 148039
22057 149278
22080 148648
22103 148987
22126 147572
22149 147395
22172 147162
22195 147475
22218 145423
22241 146686
22264 145392
22287 146108
22310 143908
22333 145682
22356 144283
22379 143902
22402 144568
22425 143382
22448 144157
22471 142617
22494 142280
22517 142990
22540 140736
22563 141435
22586 140728
22609 138939
22632 141341
22655 140453
22678 140775
22701 142608
22724 140583
22747 143135
22770 142006
22793 138326
22816 141775
22839 141448
22862 139672
22885 139644
22908 139047
22931 139385
22954 137738
22977 137906
23000 138004
23023 138377
23046 137193
23069 138555
23092 137002
23115 138111
23138 136362
23161 136995
23184 137592
23207 137381
23230 137693
23253 136537
23276 135011
23299 135591
23322 135723
23345 136156
23368 136688
23391 136661
23414 134598
23437 135974
23460 134798
23483 134326
23506 133845
23529 136274
23552 134149
23575 133902
23598 135543
23621 135510
23644 134221
23667 134377
23690 133847
23713 132983
23736 132383
23759 133562
23782 133290
23805 132736
23828 132888
23851 132707
23874 132790
23897 135866
23920 139899
23943 150077
23966 161024
23989 168638
24012 186311
24035 199301
24058 208967
24081 229125
24104 245421
24127 251015
24150 257588
24173 277973
24196 289153
24219 278187
24242 276947
24265 273776
24288 279151
24311 280282
24334 276166
24357 274326
24380 287682
24403 288474
24426 288383
24449 292589
24472 287787
24495 293548
24518 297749
24541 285800
24564 281727
24587 277530
24610 280450
24633 283893
24656 278210
24679 277656
24702 279751
24725 275645
24748 279689
24771 276577
24794 276851
24817 277469
24840 276344
24863 272963
24886 274396
24909 275642
24932 272255
24955 274426
24978 270746
25001 269963
25024 270861
25047 268157
25070 265946
25093 268226
25116 266589
25139 265925
25162 266006
25185 265828
25208 266200
25231 264512
25254 263969
25277 264241
25300 263051
25323 265334
25346 260665
25369 260142
25392 260531
25415 262074
25438 264802
25461 261217
25484 261051
25507 261322
25530 262035
25553 259942
25576 256756
25599 256616
25622 260114
25645 257950
25668 255440
25691 256810
25714 257166
25737 254188
25760 255744
25783 252878
25806 252111
25829 255487
25852 252455
25875 248185
25898 252923
25921 248909
25944 248344
25967 251076
25990 248320
26013 248404
26036 247616
26059 246900
26082 247013
26105 246032
26128 246058
26151 245270
26174 244607
26197 243914
26220 244283
26243 244515
26266 243521
26289 241945
26312 239947
26335 241566
26358 240436
26381 239289
26404 238599
26427 239890
26450 239612
26473 237109
26496 236240
26519 235819
26542 234312
26565 235687
26588 234071
26611 235542
26634 235324
26657 234673
26680 234214
26703 233264
26726 230372
26749 232058
26772 231072
26795 229554
26818 228571
26841 228041
26864 227381
26887 226653
26910 226326
26933 224923
26956 226939
26979 225569
27002 224380
27025 225727
27048 223939
27071 223175
27094 221990
27117 221827
27140 221424
27163 219632
27186 219914
27209 220140
27232 218870
27255 219353
27278 218512
27301 218005
27324 219406
27347 216303
27370 216062
27393 215772
27416 214636
27439 214491
27462 213689
27485 211900
27508 213507
27531 214065
27554 212845
27577 211784
27600 211490
27623 209894
27646 209428
27669 208787
27692 208654
27715 207029
27738 207053
27761 207581
27784 206099
27807 206137
27830 205309
27853 204642
27876 204072
27899 202396
27922 202237
27945 201933
27968 201873
27991 202664
28014 201058
28037 199488
28060 198366
28083 198571
28106 197780
28129 196755
28152 196024
28175 194016
28198 195931
28221 195652
28244 192865
28267 194621
28290 190891
28313 190763
28336 192489
28359 189439
28382 190771
28405 191333
28428 188618
28451 188412
28474 187373
28497 185981
28520 186800
28543 185635
28566 185718
28589 187862
28612 185334
28635 185547
28658 186581
28681 183514
28704 182886
28727 181945
28750 182618
28773 182706
28796 182859
28819 183586
28842 180928
28865 179268
28888 179758
28911 178585
28934 177188
28957 177345
28980 175410
29003 176242
29026 175443
29049 175839
29072 174890
29095 174268
29118 174551
29141 174401
29164 176241
29187 174939
29210 172681
29233 172484
29256 171097
29279 170764
29302 170530
29325 171551
29348 170954
29371 169704
29394 168222
29417 171078
29440 169577
29463 166067
29486 165604
29509 167653
29532 166452
29555 165470
29578 166379
29601 165266
29624 164190
29647 165620
29670 162124
29693 162865
29716 164161
29739 162466
29762 161465
29785 161643
29808 161082
29831 161174
29854 161168
29877 160071
29900 160108
29923 159688
29946 159342
29969 158251
29992 158231
30015 157440
30038 156574
30061 155283
30084 156831
30107 156587
30130 156020
30153 156410
30176 158767
30199 164999
30222 175814
30245 190756
30268 204939
30291 215591
30314 225014
30337 237101
30360 235982
30383 229266
30406 223377
30429 216100
30452 206171
30475 201972
30498 201888
30521 201449
30544 201859
30567 201383
30590 201510
30613 201330
30636 201833
30659 194635
30682 183670
30705 180387
30728 178422
30751 176238
30774 171631
30797 165769
30820 166508
30843 165218
30866 160436
30889 162195
30912 162241
30935 162239
30958 163808
30981 160483
31004 155640
31027 153486
31050 152344
31073 155304
31096 152973
31119 151557
31142 149216
31165 147752
31188 147813
31211 145875
31234 148454
31257 147139
31280 146194
31303 148026
31326 145703
31349 143356
31372 141335
31395 143721
31418 145230
31441 143152
31464 143382
31487 144605
31510 141415
31533 140988
31556 138294
31579 137405
31602 138117
31625 137284
31648 137331
31671 136282
31694 134368
31717 133873
31740 134041
31763 135960
31786 136190
31809 135874
31832 134073
31855 133844
31878 131754
31901 132075
31924 132227
31947 132555
31970 131573
31993 130411
32016 132480
32039 130854
32062 131196
32085 130884
32108 130035
32131 129562
32154 128760
32177 128283
32200 127267
32223 127990
32246 128180
32269 127276
32292 126785
32315 127500
32338 128370
32361 129155
32384 127510
32407 127548
32430 127789
32453 125825
32476 126207
32499 124196
32522 124883
32545 124880
32568 124855
32591 124002
32614 122960
32637 123427
32660 123636
32683 121712
32706 122539
32729 121501
32752 121607
32775 121292
32798 122045
32821 124114
32844 123560
32867 122398
32890 121453
32913 121006
32936 122686
32959 120744
32982 119283
33005 118533
33028 119776
33051 118369
33074 119949
33097 118443
33120 118455
33143 119067
33166 115890
33189 117421
33212 117342
33235 116641
33258 116097
33281 116561
33304 118334
33327 115616
33350 115231
33373 116842
33396 115259
33419 117009
33442 115836
33465 114945
33488 116496
33511 114954
33534 115618
33557 113988
33580 115120
33603 115935
33626 114047
33649 112981
33672 113483
33695 111276
33718 113210
33741 114063
33764 114216
33787 112733
33810 113404
33833 113935
33856 111975
33879 112902
33902 113616
33925 112118
33948 113459
33971 112747
33994 114085
34017 112762
34040 111624
34063 112059
34086 110701
34109 111299
34132 110583
34155 110741
34178 109960
34201 110056
34224 112906
34247 110392
34270 110080
34293 108452
34316 108144
34339 111021
34362 109818
34385 108754
34408 109625
34431 108363
34454 109027
34477 108643
34500 108572
34523 109414
34546 107529
34569 106221
34592 107631
34615 107053
34638 108111
34661 108798
34684 105821
34707 107947
34730 108625
34753 106901
34776 108319
34799 106248
34822 106125
34845 107263
34868 107163
34891 106577
34914 106879
34937 106476
34960 107591
34983 107305
35006 105812
35029 105350
35052 106199
35075 106421
35098 105052
35121 104890
35144 105149
35167 104675
35190 105511
35213 104770
35236 104400
35259 105815
35282 105703
35305 104746
35328 103532
35351 104988
35374 104903
35397 104198
35420 102838
35443 104355
35466 104388
35489 103789
35512 105722
35535 103363
35558 103157
35581 103757
35604 102919
35627 104050
35650 104934
35673 104031
35696 104055
35719 103355
35742 102881
35765 103652
35788 102721
35811 103008
35834 101892
35857 102975
35880 101865
35903 101220
35926 102925
35949 102516
35972 102718
35995 102779
36018 100965
36041 101846
36064 102025
36087 101824
36110 101483
36133 100580
36156 100813
36179 101458
36202 101405
36225 100422
36248 100668
36271 101146
36294 100397
36317 100481
36340 102670
36363 104411
36386 108516
36409 111654
36432 117917
36455 128612
36478 135762
36501 145252
36524 159955
36547 166633
36570 176059
36593 183580
36616 186314
36639 192666
36662 192702
36685 196355
36708 202916
36731 209605
36754 214419
36777 216501
36800 216165
36823 214074
36846 222848
36869 222286
36892 224310
36915 218599
36938 220687
36961 220214
36984 217733
37007 223155
37030 223398
37053 216611
37076 219827
37099 220818
37122 217239
37145 217848
37168 213210
37191 214822
37214 213963
37237 216852
37260 215828
37283 213405
37306 212018
37329 212548
37352 213101
37375 211519
37398 212469
37421 209772
37444 207894
37467 209013
37490 209558
37513 209528
37536 210793
37559 207788
37582 209126
37605 207066
37628 206782
37651 206400
37674 207371
37697 205152
37720 205601
37743 203878
37766 204023
37789 203706
37812 203489
37835 202699
37858 202306
37881 200073
37904 203205
37927 200912
37950 201711
37973 200874
37996 199794
38019 199395
38042 199709
38065 198315
38088 198299
38111 196863
38134 197832
38157 196218
38180 195588
38203 196030
38226 196434
38249 194825
38272 193426
38295 193114
38318 195427
38341 194444
38364 194674
38387 192053
38410 191924
38433 193495
38456 189145
38479 192746
38502 190169
38525 190600
38548 189949
38571 189666
38594 189166
38617 189809
38640 189148
38663 188682
38686 189060
38709 186186
38732 187938
38755 185318
38778 187752
38801 185614
38824 184458
38847 187536
38870 184165
38893 185492
38916 184132
38939 180941
38962 183854
38985 183196
39008 180984
39031 182964
39054 180896
39077 181997
39100 181330
39123 180693
39146 180757
39169 179990
39192 181904
39215 180022
39238 179027
39261 180238
39284 177517
39307 177091
39330 177917
39353 176794
39376 177119
39399 178014
39422 176463
39445 177427
39468 175360
39491 175126
39514 174922
39537 174652
39560 174202
39583 173261
39606 174430
39629 172450
39652 171584
39675 172613
39698 172708
39721 171264
39744 172694
39767 170679
39790 171008
39813 171830
39836 169239
39859 168810
39882 168639
39905 168668
39928 168378
39951 167697
39974 167825
39997 166221
40020 167104
40043 167287
40066 166824
40089 166417
40112 165052
40135 165949
40158 164927
40181 163813
40204 164091
40227 163450
40250 163668
40273 161828
40296 162317
40319 163501
40342 162452
40365 163202
40388 162065
40411 161184
40434 161617
40457 159290
40480 159937
40503 160466
40526 159646
40549 159566
40572 158943
40595 158318
40618 158637
40641 158420
40664 156695
40687 155410
40710 157610
40733 156671
40756 155179
40779 155061
40802 154986
40825 154800
40848 155209
40871 153070
40894 155103
40917 155198
40940 155310
40963 154292
40986 152818
41009 154158
41032 152572
41055 152452
41078 152242
41101 150676
41124 151895
41147 150647
41170 150967
41193 149893
41216 149216
41239 149443
41262 147667
41285 147895
41308 148372
41331 145850
41354 146543
41377 146478
41400 147751
41423 147035
41446 145988
41469 145449
41492 146160
41515 145738
41538 146723
41561 144903
41584 145148
41607 144596
41630 144732
41653 143815
41676 142694
41699 143549
41722 142662
41745 142485
41768 142871
41791 142755
41814 141699
41837 143620
41860 140760
41883 141631
41906 140563
41929 137772
41952 139508
41975 138833
41998 138485
42021 138641
42044 137681
42067 137739
42090 135178
42113 137064
42136 136579
42159 135180
42182 136806
42205 137067
42228 137501
42251 134759
42274 136863
42297 135777
42320 134258
42343 134480
42366 134549
42389 134569
42412 131907
42435 134130
42458 132357
42481 131728
42504 132881
42527 131855
42550 131206
42573 132666
42596 131517
42619 131277
42642 131250
42665 131564
42688 131557
42711 134201
42734 139446
42757 145705
42780 153139
42803 162038
42826 172247
42849 176217
42872 174886
42895 169584
42918 168568
42941 167586
42964 163245
42987 159750
43010 156394
43033 155922
43056 153423
43079 149585
43102 148537
43125 142964
43148 141868
43171 143429
43194 142462
43217 140704
43240 140535
43263 140668
43286 140554
43309 138584
43332 135664
43355 136640
43378 136165
43401 136516
43424 134953
43447 132991
43470 128494
43493 127599
43516 127385
43539 127245
43562 128357
43585 127550
43608 125987
43631 126205
43654 127330
43677 126424
43700 125623
43723 126639
43746 128130
43769 126422
43792 126513
43815 125226
43838 122801
43861 123044
43884 122746
43907 122750
43930 123157
43953 121147
43976 119882
43999 121733
44022 120563
44045 120206
44068 120607
44091 119262
44114 119007
44137 118342
44160 117280
44183 118997
44206 117071
44229 118536
44252 118694
44275 114778
44298 116190
44321 117363
44344 116619
44367 117690
44390 116407
44413 115329
44436 117094
44459 116178
44482 116147
44505 115784
44528 115700
44551 114128
44574 112566
44597 115100
44620 114871
44643 112991
44666 114348
44689 112748
44712 112001
44735 113944
44758 112506
44781 113107
44804 112615
44827 111371
44850 110970
44873 113448
44896 112463
44919 113151
44942 114171
44965 113063
44988 111645
45011 111828
45034 110688
45057 110138
45080 110609
45103 109645
45126 109666
45149 109782
45172 108568
45195 109479
45218 110323
45241 110209
45264 109727
45287 107541
45310 108275
45333 106389
45356 105778
45379 107906
45402 106087
45425 106268
45448 107387
45471 107056
45494 107443
45517 106281
45540 105163
45563 105375
45586 106453
45609 106786
45632 105856
45655 104852
45678 105306
45701 104633
45724 103893
45747 105610
45770 105676
45793 103756
45816 104244
45839 106019
45862 102043
45885 103487
45908 103591
45931 102388
45954 103825
45977 103591
46000 103045
46023 103996
46046 101699
46069 102516
46092 102736
46115 102872
46138 103536
46161 101158
46184 100480
46207 102211
46230 102869
46253 102919
46276 103416
46299 101526
46322 103052
46345 100792
46368 101983
46391 103052
46414 101492
46437 101088
46460 101518
46483 101543
46506 101233
46529 101757
46552 100350
46575 98868.6
46598 99934.7
46621 100159
46644 99970.3
46667 100662
46690 98674.9
46713 99609.4
46736 99061.7
46759 99007.6
46782 99247.5
46805 98915.8
46828 97932.8
46851 98842
46874 97582.9
46897 99551.8
46920 97667.1
46943 98671.8
46966 98336.9
46989 97369.8
47012 97025.9
47035 97328.4
47058 97898.7
47081 98340.6
47104 98557
47127 97857.9
47150 96659.7
47173 96895
47196 97289.8
47219 97625.2
47242 96876
47265 95637.4
47288 97961.5
47311 96293.8
47334 96852.6
47357 96116.9
47380 95817.6
47403 95917.2
47426 94914.1
47449 96583.1
47472 96115.7
47495 96505
47518 96849.6
47541 94551.8
47564 95903
47587 96049
47610 95267.1
47633 95315.6
47656 94739.8
47679 94541.2
47702 95173
47725 95975.8
47748 94878.5
47771 94200
47794 94166.6
47817 95011.6
47840 93625.4
47863 93954
47886 93783.4
47909 93897.5
47932 94743.1
47955 94361.1
