0 3.53017e+07
14 3.53017e+07
28 3.53017e+07
42 3.53017e+07
56 3.53017e+07
70 3.53017e+07
84 3.53017e+07
98 3.53017e+07
112 3.53017e+07
126 3.53017e+07
140 3.53017e+07
154 3.53017e+07
168 3.53017e+07
182 3.53017e+07
196 3.53017e+07
210 3.53017e+07
224 3.53017e+07
238 3.53017e+07
252 3.53017e+07
266 3.53017e+07
280 3.53017e+07
294 3.53017e+07
308 3.53017e+07
322 3.53017e+07
336 3.53017e+07
350 3.53017e+07
364 3.53017e+07
378 3.53017e+07
392 3.53017e+07
406 3.53017e+07
420 3.53017e+07
434 3.53017e+07
448 3.53017e+07
462 3.53017e+07
476 3.53017e+07
490 3.53017e+07
504 3.53017e+07
518 3.53017e+07
532 3.53017e+07
546 3.53017e+07
560 3.53017e+07
574 3.53017e+07
588 3.53017e+07
602 3.53017e+07
616 3.53017e+07
630 3.53017e+07
644 3.53017e+07
658 3.53017e+07
672 3.53017e+07
686 3.53017e+07
700 3.53017e+07
714 3.53017e+07
728 3.53017e+07
742 3.53017e+07
756 3.53017e+07
770 3.53017e+07
784 3.53017e+07
798 3.53017e+07
812 3.53017e+07
826 3.53017e+07
840 3.53017e+07
854 3.53017e+07
868 3.53017e+07
882 3.53017e+07
896 3.53017e+07
910 3.53017e+07
924 3.53017e+07
938 3.53017e+07
952 3.53017e+07
966 3.53017e+07
980 3.53017e+07
994 3.53017e+07
1008 3.53017e+07
1022 3.53017e+07
1036 3.53017e+07
1050 3.53017e+07
1064 3.53017e+07
1078 3.53017e+07
1092 3.53017e+07
1106 3.53017e+07
1120 3.53017e+07
1134 3.53017e+07
1148 3.53017e+07
1162 3.53017e+07
1176 3.53017e+07
1190 3.53017e+07
1204 3.53017e+07
1218 3.53017e+07
1232 3.53017e+07
1246 3.53017e+07
1260 3.53017e+07
1274 3.53017e+07
1288 3.53017e+07
1302 3.53017e+07
1316 3.53017e+07
1330 3.53017e+07
1344 3.53017e+07
1358 3.53017e+07
1372 3.53017e+07
1386 3.53017e+07
1400 3.53017e+07
1414 3.53017e+07
1428 3.53017e+07
1442 3.53017e+07
1456 3.53017e+07
1470 3.53017e+07
1484 3.53017e+07
1498 3.53017e+07
1512 3.53017e+07
1526 3.53017e+07
1540 3.53017e+07
1554 3.53017e+07
1568 3.53017e+07
1582 3.53017e+07
1596 3.53017e+07
1610 3.53017e+07
1624 3.53017e+07
1638 3.53017e+07
1652 3.53017e+07
1666 3.53017e+07
1680 3.53017e+07
1694 3.53017e+07
1708 3.53017e+07
1722 3.53017e+07
1736 3.53017e+07
1750 3.53017e+07
1764 3.53017e+07
1778 3.53017e+07
1792 3.53017e+07
1806 3.53017e+07
1820 3.53017e+07
1834 3.53017e+07
1848 3.53017e+07
1862 3.53017e+07
1876 3.53017e+07
1890 3.53017e+07
1904 3.53017e+07
1918 3.53017e+07
1932 3.53017e+07
1946 3.53017e+07
1960 3.53017e+07
1974 3.53017e+07
1988 3.53017e+07
2002 3.53017e+07
2016 3.53017e+07
2030 3.53017e+07
2044 3.53017e+07
2058 3.53017e+07
2072 3.53017e+07
2086 3.53017e+07
2100 3.53017e+07
2114 3.53017e+07
2128 3.53017e+07
2142 3.53017e+07
2156 3.53017e+07
2170 3.53017e+07
2184 3.53017e+07
2198 3.53017e+07
2212 3.53017e+07
2226 3.53017e+07
2240 3.53017e+07
2254 3.53017e+07
2268 3.53017e+07
2282 3.53017e+07
2296 3.53017e+07
2310 3.53017e+07
2324 3.53017e+07
2338 3.53017e+07
2352 3.53017e+07
2366 3.53017e+07
2380 3.53017e+07
2394 3.53017e+07
2408 3.53017e+07
2422 3.53017e+07
2436 3.53017e+07
2450 3.53017e+07
2464 3.53017e+07
2478 3.53017e+07
2492 3.53017e+07
2506 3.53017e+07
2520 3.53017e+07
2534 3.53017e+07
2548 3.53017e+07
2562 3.53017e+07
2576 3.53017e+07
2590 3.53017e+07
2604 3.53017e+07
2618 3.53017e+07
2632 3.53017e+07
2646 3.53017e+07
2660 3.53017e+07
2674 3.53016e+07
2688 3.53016e+07
2702 3.53016e+07
2716 3.53016e+07
2730 3.53016e+07
2744 3.53016e+07
2758 3.53017e+07
2772 3.53017e+07
2786 3.53017e+07
2800 3.53017e+07
2814 3.53017e+07
2828 3.53017e+07
2842 3.53017e+07
2856 3.53016e+07
2870 3.53016e+07
2884 3.53015e+07
2898 3.53015e+07
2912 3.53015e+07
2926 3.53015e+07
2940 3.53015e+07
2954 3.53016e+07
2968 3.53016e+07
2982 3.53017e+07
2996 3.53017e+07
3010 3.53017e+07
3024 3.53017e+07
3038 3.53017e+07
3052 3.53016e+07
3066 3.53015e+07
3080 3.53014e+07
3094 3.53013e+07
3108 3.53013e+07
3122 3.53013e+07
3136 3.53013e+07
3150 3.53014e+07
3164 3.53015e+07
3178 3.53016e+07
3192 3.53017e+07
3206 3.53017e+07
3220 3.53017e+07
3234 3.53016e+07
3248 3.53015e+07
3262 3.53014e+07
3276 3.53012e+07
3290 3.53011e+07
3304 3.5301e+07
3318 3.5301e+07
3332 3.5301e+07
3346 3.53012e+07
3360 3.53013e+07
3374 3.53015e+07
3388 3.53016e+07
3402 3.53017e+07
3416 3.53017e+07
3430 3.53016e+07
3444 3.53014e+07
3458 3.53012e+07
3472 3.5301e+07
3486 3.53008e+07
3500 3.53006e+07
3514 3.53005e+07
3528 3.53006e+07
3542 3.53007e+07
3556 3.53009e+07
3570 3.53012e+07
3584 3.53015e+07
3598 3.53017e+07
3612 3.53017e+07
3626 3.53016e+07
3640 3.53013e+07
3654 3.5301e+07
3668 3.53006e+07
3682 3.53002e+07
3696 3.53e+07
3710 3.52998e+07
3724 3.52998e+07
3738 3.53e+07
3752 3.53003e+07
3766 3.53007e+07
3780 3.53012e+07
3794 3.53016e+07
3808 3.53017e+07
3822 3.53016e+07
3836 3.53012e+07
3850 3.53008e+07
3864 3.53002e+07
3878 3.52996e+07
3892 3.52992e+07
3906 3.52989e+07
3920 3.52986e+07
3934 3.52988e+07
3948 3.52993e+07
3962 3.52999e+07
3976 3.53007e+07
3990 3.53013e+07
4004 3.53017e+07
4018 3.53016e+07
4032 3.53011e+07
4046 3.53005e+07
4060 3.52997e+07
4074 3.52987e+07
4088 3.52982e+07
4102 3.52975e+07
4116 3.5297e+07
4130 3.52972e+07
4144 3.52977e+07
4158 3.52983e+07
4172 3.52996e+07
4186 3.53008e+07
4200 3.53015e+07
4214 3.53016e+07
4228 3.5301e+07
4242 3.53003e+07
4256 3.5299e+07
4270 3.52977e+07
4284 3.52969e+07
4298 3.52957e+07
4312 3.52948e+07
4326 3.52949e+07
4340 3.52951e+07
4354 3.5296e+07
4368 3.52977e+07
4382 3.52994e+07
4396 3.5301e+07
4410 3.53015e+07
4424 3.53009e+07
4438 3.52999e+07
4452 3.52983e+07
4466 3.52964e+07
4480 3.52954e+07
4494 3.52935e+07
4508 3.5292e+07
4522 3.52917e+07
4536 3.52917e+07
4550 3.52926e+07
4564 3.52944e+07
4578 3.52969e+07
4592 3.52996e+07
4606 3.53012e+07
4620 3.53005e+07
4634 3.52994e+07
4648 3.52978e+07
4662 3.52944e+07
4676 3.52933e+07
4690 3.52912e+07
4704 3.52878e+07
4718 3.52876e+07
4732 3.52873e+07
4746 3.52871e+07
4760 3.52894e+07
4774 3.52927e+07
4788 3.52964e+07
4802 3.53e+07
4816 3.53001e+07
4830 3.52981e+07
4844 3.52969e+07
4858 3.5292e+07
4872 3.52891e+07
4886 3.52889e+07
4900 3.52825e+07
4914 3.52812e+07
4928 3.52818e+07
4942 3.52794e+07
4956 3.52814e+07
4970 3.52858e+07
4984 3.52901e+07
4998 3.52961e+07
5012 3.52989e+07
5026 3.52956e+07
5040 3.52943e+07
5054 3.52896e+07
5068 3.52819e+07
5082 3.52846e+07
5096 3.52771e+07
5110 3.52708e+07
5124 3.52734e+07
5138 3.527e+07
5152 3.52692e+07
5166 3.52744e+07
5180 3.52798e+07
5194 3.52869e+07
5208 3.52945e+07
5222 3.52919e+07
5236 3.52873e+07
5250 3.52853e+07
5264 3.52729e+07
5278 3.52693e+07
5292 3.5273e+07
5306 3.5257e+07
5320 3.52571e+07
5334 3.52586e+07
5348 3.52505e+07
5362 3.5255e+07
5376 3.52631e+07
5390 3.52697e+07
5404 3.52816e+07
5418 3.52858e+07
5432 3.52744e+07
5446 3.52734e+07
5460 3.52622e+07
5474 3.52453e+07
5488 3.52528e+07
5502 3.52455e+07
5516 3.52248e+07
5530 3.52325e+07
5544 3.52286e+07
5558 3.52172e+07
5572 3.52298e+07
5586 3.5244e+07
5600 3.52531e+07
5614 3.52707e+07
5628 3.5258e+07
5642 3.52438e+07
5656 3.52381e+07
5670 3.52154e+07
5684 3.51985e+07
5698 3.52154e+07
5712 3.51961e+07
5726 3.51698e+07
5740 3.51755e+07
5754 3.51788e+07
5768 3.51631e+07
5782 3.51771e+07
5796 3.52103e+07
5810 3.5228e+07
5824 3.52339e+07
5838 3.51976e+07
5852 3.51782e+07
5866 3.51612e+07
5880 3.51343e+07
5894 3.51197e+07
5908 3.51362e+07
5922 3.51146e+07
5936 3.5076e+07
5950 3.50688e+07
5964 3.50873e+07
5978 3.50877e+07
5992 3.50967e+07
6006 3.51416e+07
6020 3.51807e+07
6034 3.51473e+07
6048 3.51e+07
6062 3.50877e+07
6076 3.5058e+07
6090 3.50231e+07
6104 3.50084e+07
6118 3.50325e+07
6132 3.50131e+07
6146 3.49661e+07
6160 3.49472e+07
6174 3.49793e+07
6188 3.50049e+07
6202 3.50215e+07
6216 3.50678e+07
6230 3.50835e+07
6244 3.49924e+07
6258 3.49379e+07
6272 3.49145e+07
6286 3.48584e+07
6300 3.4815e+07
6314 3.48368e+07
6328 3.4885e+07
6342 3.48374e+07
6356 3.47678e+07
6370 3.47719e+07
6384 3.48391e+07
6398 3.48677e+07
6412 3.48717e+07
6426 3.49277e+07
6440 3.48646e+07
6454 3.47461e+07
6468 3.46772e+07
6482 3.46267e+07
6496 3.457e+07
6510 3.45625e+07
6524 3.46093e+07
6538 3.46019e+07
6552 3.45253e+07
6566 3.44744e+07
6580 3.44988e+07
6594 3.45856e+07
6608 3.4644e+07
6622 3.46714e+07
6636 3.46639e+07
6650 3.45492e+07
6664 3.44446e+07
6678 3.44201e+07
6692 3.43709e+07
6706 3.43072e+07
6720 3.42625e+07
6734 3.42838e+07
6748 3.43596e+07
6762 3.43488e+07
6776 3.42578e+07
6790 3.42295e+07
6804 3.4337e+07
6818 3.44527e+07
6832 3.4463e+07
6846 3.43685e+07
6860 3.42611e+07
6874 3.42033e+07
6888 3.41696e+07
6902 3.41567e+07
6916 3.41449e+07
6930 3.41203e+07
6944 3.40929e+07
6958 3.40796e+07
6972 3.40553e+07
6986 3.40255e+07
7000 3.40454e+07
7014 3.41468e+07
7028 3.4265e+07
7042 3.4196e+07
7056 3.40417e+07
7070 3.39282e+07
7084 3.3889e+07
7098 3.3828e+07
7112 3.37878e+07
7126 3.38238e+07
7140 3.38519e+07
7154 3.38401e+07
7168 3.37587e+07
7182 3.36913e+07
7196 3.37445e+07
7210 3.3887e+07
7224 3.39924e+07
7238 3.39626e+07
7252 3.38438e+07
7266 3.37019e+07
7280 3.36345e+07
7294 3.35662e+07
7308 3.35274e+07
7322 3.35387e+07
7336 3.35594e+07
7350 3.35207e+07
7364 3.34653e+07
7378 3.34579e+07
7392 3.35261e+07
7406 3.36084e+07
7420 3.36593e+07
7434 3.36928e+07
7448 3.35754e+07
7462 3.33753e+07
7476 3.32813e+07
7490 3.31971e+07
7504 3.31112e+07
7518 3.3078e+07
7532 3.31757e+07
7546 3.32857e+07
7560 3.31989e+07
7574 3.30627e+07
7588 3.30966e+07
7602 3.32386e+07
7616 3.33347e+07
7630 3.33079e+07
7644 3.32379e+07
7658 3.30705e+07
7672 3.2962e+07
7686 3.29123e+07
7700 3.28261e+07
7714 3.27771e+07
7728 3.27986e+07
7742 3.28871e+07
7756 3.28941e+07
7770 3.27878e+07
7784 3.27321e+07
7798 3.28102e+07
7812 3.29485e+07
7826 3.30265e+07
7840 3.29707e+07
7854 3.28511e+07
7868 3.27264e+07
7882 3.26818e+07
7896 3.26196e+07
7910 3.25703e+07
7924 3.2605e+07
7938 3.26517e+07
7952 3.26287e+07
7966 3.25459e+07
7980 3.25139e+07
7994 3.25547e+07
8008 3.2674e+07
8022 3.27456e+07
8036 3.27558e+07
8050 3.26397e+07
8064 3.24847e+07
8078 3.24124e+07
8092 3.23428e+07
8106 3.22866e+07
8120 3.22708e+07
8134 3.23174e+07
8148 3.23701e+07
8162 3.23027e+07
8176 3.22171e+07
8190 3.22322e+07
8204 3.236e+07
8218 3.24823e+07
8232 3.2464e+07
8246 3.24116e+07
8260 3.22795e+07
8274 3.21931e+07
8288 3.21439e+07
8302 3.21061e+07
8316 3.21039e+07
8330 3.21148e+07
8344 3.20845e+07
8358 3.20475e+07
8372 3.2011e+07
8386 3.20613e+07
8400 3.21505e+07
8414 3.21944e+07
8428 3.22391e+07
8442 3.22119e+07
8456 3.20692e+07
8470 3.19823e+07
8484 3.19527e+07
8498 3.18877e+07
8512 3.18434e+07
8526 3.18495e+07
8540 3.18746e+07
8554 3.18882e+07
8568 3.18483e+07
8582 3.18352e+07
8596 3.18748e+07
8610 3.19424e+07
8624 3.203e+07
8638 3.20103e+07
8652 3.18898e+07
8666 3.1804e+07
8680 3.17867e+07
8694 3.17017e+07
8708 3.1703e+07
8722 3.17011e+07
8736 3.17103e+07
8750 3.16785e+07
8764 3.16431e+07
8778 3.16593e+07
8792 3.17035e+07
8806 3.17758e+07
8820 3.18315e+07
8834 3.18187e+07
8848 3.17511e+07
8862 3.16707e+07
8876 3.16501e+07
8890 3.15946e+07
8904 3.15505e+07
8918 3.16005e+07
8932 3.16024e+07
8946 3.15627e+07
8960 3.15086e+07
8974 3.1541e+07
8988 3.16324e+07
9002 3.16622e+07
9016 3.16674e+07
9030 3.16967e+07
9044 3.16217e+07
9058 3.15698e+07
9072 3.15462e+07
9086 3.14709e+07
9100 3.14495e+07
9114 3.14795e+07
9128 3.15177e+07
9142 3.14773e+07
9156 3.13936e+07
9170 3.14759e+07
9184 3.15293e+07
9198 3.15139e+07
9212 3.15369e+07
9226 3.15716e+07
9240 3.15063e+07
9254 3.14645e+07
9268 3.14475e+07
9282 3.13931e+07
9296 3.13893e+07
9310 3.14097e+07
9324 3.13917e+07
9338 3.1352e+07
9352 3.13182e+07
9366 3.13675e+07
9380 3.13871e+07
9394 3.1432e+07
9408 3.14581e+07
9422 3.14926e+07
9436 3.14612e+07
9450 3.1451e+07
9464 3.14475e+07
9478 3.1416e+07
9492 3.13841e+07
9506 3.14011e+07
9520 3.14194e+07
9534 3.13629e+07
9548 3.13394e+07
9562 3.14182e+07
9576 3.14337e+07
9590 3.13968e+07
9604 3.14477e+07
9618 3.14723e+07
9632 3.14567e+07
9646 3.14521e+07
9660 3.1441e+07
9674 3.14234e+07
9688 3.14155e+07
9702 3.14303e+07
9716 3.13831e+07
9730 3.14003e+07
9744 3.1397e+07
9758 3.1389e+07
9772 3.13902e+07
9786 3.14306e+07
9800 3.14432e+07
9814 3.14614e+07
9828 3.14515e+07
9842 3.14352e+07
9856 3.14208e+07
9870 3.14172e+07
9884 3.13962e+07
9898 3.1418e+07
9912 3.14004e+07
9926 3.13736e+07
9940 3.13803e+07
9954 3.1401e+07
9968 3.13899e+07
9982 3.14082e+07
9996 3.14362e+07
10010 3.1443e+07
10024 3.14434e+07
10038 3.1427e+07
10052 3.14249e+07
10066 3.14116e+07
10080 3.1401e+07
10094 3.13978e+07
10108 3.13996e+07
10122 3.13987e+07
10136 3.13912e+07
10150 3.14049e+07
10164 3.14111e+07
10178 3.14163e+07
10192 3.14215e+07
10206 3.14317e+07
10220 3.14234e+07
10234 3.14303e+07
10248 3.14213e+07
10262 3.14236e+07
10276 3.14095e+07
10290 3.14215e+07
10304 3.14083e+07
10318 3.14162e+07
10332 3.14029e+07
10346 3.14147e+07
10360 3.13974e+07
10374 3.14212e+07
10388 3.14212e+07
10402 3.1435e+07
10416 3.1428e+07
10430 3.14314e+07
10444 3.14227e+07
10458 3.1415e+07
10472 3.14173e+07
10486 3.14155e+07
10500 3.14134e+07
10514 3.14053e+07
10528 3.14114e+07
10542 3.14125e+07
10556 3.14082e+07
10570 3.14145e+07
10584 3.14202e+07
10598 3.14237e+07
10612 3.14217e+07
10626 3.14257e+07
10640 3.14139e+07
10654 3.14147e+07
10668 3.1406e+07
10682 3.14189e+07
10696 3.14048e+07
10710 3.14123e+07
10724 3.14079e+07
10738 3.14069e+07
10752 3.14079e+07
10766 3.14156e+07
10780 3.14208e+07
10794 3.14153e+07
10808 3.14273e+07
10822 3.14205e+07
10836 3.14231e+07
10850 3.14118e+07
10864 3.14209e+07
10878 3.14209e+07
10892 3.14216e+07
10906 3.14219e+07
10920 3.14236e+07
10934 3.143e+07
10948 3.14267e+07
10962 3.14227e+07
10976 3.14275e+07
10990 3.14261e+07
11004 3.14309e+07
11018 3.14323e+07
11032 3.14389e+07
11046 3.14339e+07
11060 3.1432e+07
11074 3.14327e+07
11088 3.14345e+07
11102 3.14401e+07
11116 3.14358e+07
11130 3.14509e+07
11144 3.14457e+07
11158 3.14428e+07
11172 3.14441e+07
11186 3.1444e+07
11200 3.14533e+07
11214 3.14505e+07
11228 3.14589e+07
11242 3.14505e+07
11256 3.1456e+07
11270 3.14535e+07
11284 3.14585e+07
11298 3.14574e+07
11312 3.14561e+07
11326 3.14643e+07
11340 3.14569e+07
11354 3.14579e+07
11368 3.14645e+07
11382 3.14699e+07
11396 3.14689e+07
11410 3.14557e+07
11424 3.14562e+07
11438 3.1451e+07
11452 3.14511e+07
11466 3.14471e+07
11480 3.14442e+07
11494 3.14416e+07
11508 3.14361e+07
11522 3.14466e+07
11536 3.1432e+07
11550 3.14432e+07
11564 3.14338e+07
11578 3.14426e+07
11592 3.14315e+07
11606 3.14347e+07
11620 3.14319e+07
11634 3.14292e+07
11648 3.1434e+07
11662 3.14323e+07
11676 3.14295e+07
11690 3.14247e+07
11704 3.14261e+07
11718 3.14269e+07
11732 3.14211e+07
11746 3.14332e+07
11760 3.14268e+07
11774 3.14367e+07
11788 3.14304e+07
11802 3.14372e+07
11816 3.14315e+07
11830 3.14282e+07
11844 3.14327e+07
11858 3.14406e+07
11872 3.14513e+07
11886 3.14491e+07
11900 3.14602e+07
11914 3.14675e+07
11928 3.14657e+07
11942 3.14679e+07
11956 3.14574e+07
11970 3.14564e+07
11984 3.14418e+07
11998 3.14492e+07
12012 3.14427e+07
12026 3.14443e+07
12040 3.14449e+07
12054 3.14369e+07
12068 3.14444e+07
12082 3.14354e+07
12096 3.14582e+07
12110 3.145e+07
12124 3.14598e+07
12138 3.14587e+07
12152 3.146e+07
12166 3.14608e+07
12180 3.14485e+07
12194 3.14523e+07
12208 3.14475e+07
12222 3.14506e+07
12236 3.14428e+07
12250 3.14475e+07
12264 3.14368e+07
12278 3.14353e+07
12292 3.14366e+07
12306 3.14334e+07
12320 3.14357e+07
12334 3.14254e+07
12348 3.1428e+07
12362 3.14338e+07
12376 3.14273e+07
12390 3.14372e+07
12404 3.14312e+07
12418 3.14368e+07
12432 3.14246e+07
12446 3.14246e+07
12460 3.14247e+07
12474 3.14261e+07
12488 3.14305e+07
12502 3.14252e+07
12516 3.14263e+07
12530 3.14281e+07
12544 3.14225e+07
12558 3.14253e+07
12572 3.14204e+07
12586 3.14229e+07
12600 3.14248e+07
12614 3.14208e+07
12628 3.14201e+07
12642 3.14255e+07
12656 3.14192e+07
12670 3.14208e+07
12684 3.1418e+07
12698 3.1416e+07
12712 3.14176e+07
12726 3.1414e+07
12740 3.14191e+07
12754 3.14136e+07
12768 3.14167e+07
12782 3.14105e+07
12796 3.14226e+07
12810 3.14223e+07
12824 3.14335e+07
12838 3.14302e+07
12852 3.14295e+07
12866 3.14288e+07
12880 3.14245e+07
12894 3.14253e+07
12908 3.14185e+07
12922 3.14122e+07
12936 3.14266e+07
12950 3.14242e+07
12964 3.14433e+07
12978 3.14275e+07
12992 3.14309e+07
13006 3.14212e+07
13020 3.14202e+07
13034 3.14292e+07
13048 3.14208e+07
13062 3.14445e+07
13076 3.14345e+07
13090 3.14494e+07
13104 3.14367e+07
13118 3.14406e+07
13132 3.14383e+07
13146 3.1437e+07
13160 3.14552e+07
13174 3.14562e+07
13188 3.14795e+07
13202 3.14778e+07
13216 3.14796e+07
13230 3.14755e+07
13244 3.14788e+07
13258 3.14765e+07
13272 3.14651e+07
13286 3.14723e+07
13300 3.14685e+07
13314 3.14689e+07
13328 3.14596e+07
13342 3.14505e+07
13356 3.1434e+07
13370 3.14177e+07
13384 3.14243e+07
13398 3.14169e+07
13412 3.14261e+07
13426 3.1421e+07
13440 3.14278e+07
13454 3.1422e+07
13468 3.14262e+07
13482 3.14302e+07
13496 3.14333e+07
13510 3.14597e+07
13524 3.14759e+07
13538 3.15033e+07
13552 3.14799e+07
13566 3.14555e+07
13580 3.14478e+07
13594 3.14199e+07
13608 3.14354e+07
13622 3.14305e+07
13636 3.14318e+07
13650 3.14209e+07
13664 3.14167e+07
13678 3.14178e+07
13692 3.14207e+07
13706 3.1449e+07
13720 3.14474e+07
13734 3.14564e+07
13748 3.14453e+07
13762 3.14424e+07
13776 3.14442e+07
13790 3.14576e+07
13804 3.14622e+07
13818 3.14709e+07
13832 3.14486e+07
13846 3.14272e+07
13860 3.1415e+07
13874 3.14141e+07
13888 3.14054e+07
13902 3.14147e+07
13916 3.1422e+07
13930 3.14082e+07
13944 3.1403e+07
13958 3.14027e+07
13972 3.14147e+07
13986 3.14207e+07
14000 3.14472e+07
14014 3.1453e+07
14028 3.14571e+07
14042 3.14295e+07
14056 3.1417e+07
14070 3.1403e+07
14084 3.14017e+07
14098 3.13953e+07
14112 3.13954e+07
14126 3.13942e+07
14140 3.13998e+07
14154 3.13949e+07
14168 3.13921e+07
14182 3.13883e+07
14196 3.13836e+07
14210 3.13817e+07
14224 3.13798e+07
14238 3.13877e+07
14252 3.13754e+07
14266 3.13879e+07
14280 3.13782e+07
14294 3.1385e+07
14308 3.13801e+07
14322 3.13798e+07
14336 3.13822e+07
14350 3.13796e+07
14364 3.13819e+07
14378 3.13773e+07
14392 3.13851e+07
14406 3.13835e+07
14420 3.13907e+07
14434 3.1387e+07
14448 3.13784e+07
14462 3.13776e+07
14476 3.13699e+07
14490 3.13787e+07
14504 3.13791e+07
14518 3.13801e+07
14532 3.13806e+07
14546 3.13728e+07
14560 3.13759e+07
14574 3.13661e+07
14588 3.13724e+07
14602 3.13595e+07
14616 3.13644e+07
14630 3.13671e+07
14644 3.13624e+07
14658 3.13697e+07
14672 3.13589e+07
14686 3.13679e+07
14700 3.136e+07
14714 3.13682e+07
14728 3.13646e+07
14742 3.13647e+07
14756 3.13646e+07
14770 3.13628e+07
14784 3.13605e+07
14798 3.13663e+07
14812 3.13598e+07
14826 3.13659e+07
14840 3.13592e+07
14854 3.13632e+07
14868 3.13618e+07
14882 3.13591e+07
14896 3.13633e+07
14910 3.13571e+07
14924 3.13616e+07
14938 3.13555e+07
14952 3.13607e+07
14966 3.13562e+07
14980 3.13584e+07
14994 3.13573e+07
15008 3.13584e+07
15022 3.1359e+07
15036 3.13532e+07
15050 3.13596e+07
15064 3.13518e+07
15078 3.13612e+07
15092 3.1353e+07
15106 3.13598e+07
15120 3.13576e+07
15134 3.13585e+07
15148 3.13618e+07
15162 3.13569e+07
15176 3.13583e+07
15190 3.13557e+07
15204 3.13542e+07
15218 3.13575e+07
15232 3.13528e+07
15246 3.13541e+07
15260 3.13549e+07
15274 3.13551e+07
15288 3.13514e+07
15302 3.13529e+07
15316 3.13526e+07
15330 3.13537e+07
15344 3.13525e+07
15358 3.13521e+07
15372 3.13508e+07
15386 3.13511e+07
15400 3.135e+07
15414 3.13515e+07
15428 3.13532e+07
15442 3.13497e+07
15456 3.13587e+07
15470 3.13494e+07
15484 3.13559e+07
15498 3.1349e+07
15512 3.13501e+07
15526 3.13519e+07
15540 3.13475e+07
15554 3.13522e+07
15568 3.13497e+07
15582 3.13525e+07
15596 3.13533e+07
15610 3.13524e+07
15624 3.13546e+07
15638 3.13479e+07
15652 3.13552e+07
15666 3.13483e+07
15680 3.13513e+07
15694 3.13439e+07
15708 3.13505e+07
15722 3.13488e+07
15736 3.13503e+07
15750 3.13503e+07
15764 3.13538e+07
15778 3.13558e+07
15792 3.13586e+07
15806 3.13592e+07
15820 3.13628e+07
15834 3.13592e+07
15848 3.13645e+07
15862 3.13645e+07
15876 3.13655e+07
15890 3.13644e+07
15904 3.13698e+07
15918 3.13717e+07
15932 3.13788e+07
15946 3.13749e+07
15960 3.13778e+07
15974 3.13803e+07
15988 3.13829e+07
16002 3.13823e+07
16016 3.13883e+07
16030 3.13795e+07
16044 3.13924e+07
16058 3.13905e+07
16072 3.1404e+07
16086 3.13986e+07
16100 3.14034e+07
16114 3.13961e+07
16128 3.13988e+07
16142 3.1389e+07
16156 3.1387e+07
16170 3.13821e+07
16184 3.13792e+07
16198 3.1376e+07
16212 3.13707e+07
16226 3.1373e+07
16240 3.13673e+07
16254 3.13723e+07
16268 3.1371e+07
16282 3.13709e+07
16296 3.13676e+07
16310 3.13661e+07
16324 3.13679e+07
16338 3.13673e+07
16352 3.13661e+07
16366 3.13664e+07
16380 3.13668e+07
16394 3.13623e+07
16408 3.13674e+07
16422 3.13624e+07
16436 3.13634e+07
16450 3.13615e+07
16464 3.13668e+07
16478 3.13601e+07
16492 3.13636e+07
16506 3.13604e+07
16520 3.13574e+07
16534 3.13655e+07
16548 3.13615e+07
16562 3.13701e+07
16576 3.13636e+07
16590 3.13713e+07
16604 3.13665e+07
16618 3.13741e+07
16632 3.13714e+07
16646 3.13767e+07
16660 3.13778e+07
16674 3.13802e+07
16688 3.13907e+07
16702 3.13952e+07
16716 3.14014e+07
16730 3.13933e+07
16744 3.13944e+07
16758 3.13846e+07
16772 3.13879e+07
16786 3.13784e+07
16800 3.13813e+07
16814 3.13807e+07
16828 3.13744e+07
16842 3.13816e+07
16856 3.13702e+07
16870 3.13811e+07
16884 3.13724e+07
16898 3.138e+07
16912 3.13727e+07
16926 3.13738e+07
16940 3.13751e+07
16954 3.13742e+07
16968 3.13746e+07
16982 3.13714e+07
16996 3.13692e+07
17010 3.13741e+07
17024 3.13659e+07
17038 3.13684e+07
17052 3.1359e+07
17066 3.13619e+07
17080 3.13592e+07
17094 3.13615e+07
17108 3.13595e+07
17122 3.13588e+07
17136 3.13602e+07
17150 3.13604e+07
17164 3.13562e+07
17178 3.13585e+07
17192 3.13565e+07
17206 3.1353e+07
17220 3.13621e+07
17234 3.13571e+07
17248 3.1358e+07
17262 3.13543e+07
17276 3.13604e+07
17290 3.13545e+07
17304 3.13631e+07
17318 3.1357e+07
17332 3.13565e+07
17346 3.13571e+07
17360 3.13569e+07
17374 3.13567e+07
17388 3.13576e+07
17402 3.13562e+07
17416 3.13582e+07
17430 3.13647e+07
17444 3.13564e+07
17458 3.13561e+07
17472 3.13557e+07
17486 3.1352e+07
17500 3.13596e+07
17514 3.13473e+07
17528 3.13581e+07
17542 3.13503e+07
17556 3.13589e+07
17570 3.13567e+07
17584 3.13605e+07
17598 3.13573e+07
17612 3.13588e+07
17626 3.13559e+07
17640 3.136e+07
17654 3.13525e+07
17668 3.13609e+07
17682 3.13538e+07
17696 3.13515e+07
17710 3.13537e+07
17724 3.13551e+07
17738 3.1354e+07
17752 3.13527e+07
17766 3.135e+07
17780 3.13465e+07
17794 3.13535e+07
17808 3.13591e+07
17822 3.13556e+07
17836 3.1353e+07
17850 3.135e+07
17864 3.13544e+07
17878 3.13543e+07
17892 3.13597e+07
17906 3.13609e+07
17920 3.13594e+07
17934 3.13572e+07
17948 3.13492e+07
17962 3.13485e+07
17976 3.1348e+07
17990 3.13555e+07
18004 3.13611e+07
18018 3.13558e+07
18032 3.13595e+07
18046 3.13517e+07
18060 3.13511e+07
18074 3.13505e+07
18088 3.1347e+07
18102 3.13455e+07
18116 3.13494e+07
18130 3.13474e+07
18144 3.13476e+07
18158 3.13538e+07
18172 3.13583e+07
18186 3.13743e+07
18200 3.13772e+07
18214 3.138e+07
18228 3.13824e+07
18242 3.13759e+07
18256 3.13714e+07
18270 3.13619e+07
18284 3.13548e+07
18298 3.13519e+07
18312 3.1353e+07
18326 3.13483e+07
18340 3.13514e+07
18354 3.13527e+07
18368 3.13526e+07
18382 3.13531e+07
18396 3.13465e+07
18410 3.13411e+07
18424 3.13312e+07
18438 3.1334e+07
18452 3.13367e+07
18466 3.13477e+07
18480 3.13577e+07
18494 3.13726e+07
18508 3.13655e+07
18522 3.13604e+07
18536 3.13586e+07
18550 3.13527e+07
18564 3.13613e+07
18578 3.13654e+07
18592 3.13717e+07
18606 3.13743e+07
18620 3.13769e+07
18634 3.13757e+07
18648 3.13663e+07
18662 3.1361e+07
18676 3.13457e+07
18690 3.13399e+07
18704 3.13258e+07
18718 3.13108e+07
18732 3.12981e+07
18746 3.12929e+07
18760 3.12886e+07
18774 3.12914e+07
18788 3.1304e+07
18802 3.13092e+07
18816 3.13138e+07
18830 3.12976e+07
18844 3.12854e+07
18858 3.12826e+07
18872 3.12845e+07
18886 3.12926e+07
18900 3.13042e+07
18914 3.12965e+07
18928 3.12867e+07
18942 3.12597e+07
18956 3.12493e+07
18970 3.12384e+07
18984 3.12373e+07
18998 3.12349e+07
19012 3.12416e+07
19026 3.12461e+07
19040 3.12573e+07
19054 3.12665e+07
19068 3.12745e+07
19082 3.12643e+07
19096 3.12524e+07
19110 3.12394e+07
19124 3.12265e+07
19138 3.12226e+07
19152 3.1219e+07
19166 3.12179e+07
19180 3.12184e+07
19194 3.12095e+07
19208 3.12021e+07
19222 3.11932e+07
19236 3.11888e+07
19250 3.11794e+07
19264 3.11777e+07
19278 3.1167e+07
19292 3.11643e+07
19306 3.11484e+07
19320 3.11323e+07
19334 3.11143e+07
19348 3.11009e+07
19362 3.10856e+07
19376 3.10815e+07
19390 3.10842e+07
19404 3.10919e+07
19418 3.10912e+07
19432 3.10851e+07
19446 3.10758e+07
19460 3.10621e+07
19474 3.10555e+07
19488 3.10424e+07
19502 3.10324e+07
19516 3.10276e+07
19530 3.10143e+07
19544 3.09934e+07
19558 3.09716e+07
19572 3.0953e+07
19586 3.09442e+07
19600 3.09354e+07
19614 3.09379e+07
19628 3.09356e+07
19642 3.09305e+07
19656 3.09244e+07
19670 3.09162e+07
19684 3.09044e+07
19698 3.08885e+07
19712 3.08723e+07
19726 3.08451e+07
19740 3.08163e+07
19754 3.07939e+07
19768 3.07678e+07
19782 3.07517e+07
19796 3.07434e+07
19810 3.07448e+07
19824 3.0738e+07
19838 3.07334e+07
19852 3.07227e+07
19866 3.07171e+07
19880 3.07034e+07
19894 3.0687e+07
19908 3.0659e+07
19922 3.06377e+07
19936 3.05989e+07
19950 3.05722e+07
19964 3.0533e+07
19978 3.05066e+07
19992 3.04798e+07
20006 3.04782e+07
20020 3.0472e+07
20034 3.04636e+07
20048 3.04509e+07
20062 3.04404e+07
20076 3.04381e+07
20090 3.0408e+07
20104 3.03801e+07
20118 3.03505e+07
20132 3.03122e+07
20146 3.02631e+07
20160 3.02176e+07
20174 3.01734e+07
20188 3.01312e+07
20202 3.0116e+07
20216 3.01093e+07
20230 3.01033e+07
20244 3.00862e+07
20258 3.00734e+07
20272 3.00659e+07
20286 3.00456e+07
20300 3.00052e+07
20314 2.99733e+07
20328 2.99368e+07
20342 2.98808e+07
20356 2.98173e+07
20370 2.97648e+07
20384 2.96991e+07
20398 2.96535e+07
20412 2.96329e+07
20426 2.963e+07
20440 2.96155e+07
20454 2.95981e+07
20468 2.95809e+07
20482 2.95689e+07
20496 2.95336e+07
20510 2.94833e+07
20524 2.94462e+07
20538 2.93943e+07
20552 2.93128e+07
20566 2.92415e+07
20580 2.91711e+07
20594 2.90886e+07
20608 2.90494e+07
20622 2.90384e+07
20636 2.90306e+07
20650 2.90072e+07
20664 2.89864e+07
20678 2.89819e+07
20692 2.89732e+07
20706 2.89162e+07
20720 2.88581e+07
20734 2.88167e+07
20748 2.87347e+07
20762 2.86446e+07
20776 2.85633e+07
20790 2.84621e+07
20804 2.83771e+07
20818 2.83405e+07
20832 2.83317e+07
20846 2.82997e+07
20860 2.82552e+07
20874 2.8221e+07
20888 2.8214e+07
20902 2.81663e+07
20916 2.80834e+07
20930 2.80212e+07
20944 2.79622e+07
20958 2.7849e+07
20972 2.77414e+07
20986 2.76377e+07
21000 2.75056e+07
21014 2.74329e+07
21028 2.73971e+07
21042 2.73823e+07
21056 2.73321e+07
21070 2.72713e+07
21084 2.72495e+07
21098 2.72432e+07
21112 2.71724e+07
21126 2.70781e+07
21140 2.70066e+07
21154 2.69196e+07
21168 2.67944e+07
21182 2.66837e+07
21196 2.6545e+07
21210 2.64165e+07
21224 2.63481e+07
21238 2.63261e+07
21252 2.62907e+07
21266 2.62159e+07
21280 2.61617e+07
21294 2.61509e+07
21308 2.6123e+07
21322 2.6037e+07
21336 2.59322e+07
21350 2.58615e+07
21364 2.57375e+07
21378 2.56099e+07
21392 2.54851e+07
21406 2.53147e+07
21420 2.52127e+07
21434 2.51592e+07
21448 2.51428e+07
21462 2.50667e+07
21476 2.4976e+07
21490 2.49258e+07
21504 2.49197e+07
21518 2.4849e+07
21532 2.47389e+07
21546 2.46505e+07
21560 2.45547e+07
21574 2.44009e+07
21588 2.4254e+07
21602 2.40854e+07
21616 2.3919e+07
21630 2.38353e+07
21644 2.37968e+07
21658 2.37519e+07
21672 2.36276e+07
21686 2.35406e+07
21700 2.35255e+07
21714 2.35093e+07
21728 2.34165e+07
21742 2.3276e+07
21756 2.31819e+07
21770 2.30185e+07
21784 2.28506e+07
21798 2.27008e+07
21812 2.24943e+07
21826 2.2345e+07
21840 2.22667e+07
21854 2.2229e+07
21868 2.21346e+07
21882 2.19888e+07
21896 2.19141e+07
21910 2.19069e+07
21924 2.18566e+07
21938 2.16963e+07
21952 2.15563e+07
21966 2.14619e+07
21980 2.12861e+07
21994 2.11168e+07
22008 2.09065e+07
22022 2.06824e+07
22036 2.05741e+07
22050 2.05278e+07
22064 2.04743e+07
22078 2.03101e+07
22092 2.01665e+07
22106 2.01289e+07
22120 2.01181e+07
22134 2.00418e+07
22148 1.98888e+07
22162 1.97518e+07
22176 1.95686e+07
22190 1.94e+07
22204 1.92437e+07
22218 1.90027e+07
22232 1.88217e+07
22246 1.87519e+07
22260 1.87128e+07
22274 1.85806e+07
22288 1.8396e+07
22302 1.83258e+07
22316 1.83187e+07
22330 1.82618e+07
22344 1.81007e+07
22358 1.79459e+07
22372 1.7818e+07
22386 1.76195e+07
22400 1.7446e+07
22414 1.72503e+07
22428 1.70292e+07
22442 1.69366e+07
22456 1.68957e+07
22470 1.68142e+07
22484 1.66346e+07
22498 1.65254e+07
22512 1.65076e+07
22526 1.64749e+07
22540 1.63194e+07
22554 1.61534e+07
22568 1.605e+07
22582 1.58595e+07
22596 1.56802e+07
22610 1.5497e+07
22624 1.52461e+07
22638 1.51106e+07
22652 1.50704e+07
22666 1.50191e+07
22680 1.48541e+07
22694 1.47272e+07
22708 1.46938e+07
22722 1.46806e+07
22736 1.45485e+07
22750 1.43628e+07
22764 1.42387e+07
22778 1.41025e+07
22792 1.38754e+07
22806 1.37013e+07
22820 1.34644e+07
22834 1.32882e+07
22848 1.32355e+07
22862 1.32006e+07
22876 1.30312e+07
22890 1.28646e+07
22904 1.28136e+07
22918 1.28008e+07
22932 1.27269e+07
22946 1.25296e+07
22960 1.23817e+07
22974 1.22661e+07
22988 1.20384e+07
23002 1.18717e+07
23016 1.16609e+07
23030 1.14544e+07
23044 1.13665e+07
23058 1.13499e+07
23072 1.12095e+07
23086 1.10442e+07
23100 1.09641e+07
23114 1.09557e+07
23128 1.09182e+07
23142 1.07484e+07
23156 1.0608e+07
23170 1.04903e+07
23184 1.0295e+07
23198 1.01184e+07
23212 9.92613e+06
23226 9.72064e+06
23240 9.64682e+06
23254 9.6277e+06
23268 9.54028e+06
23282 9.37994e+06
23296 9.29709e+06
23310 9.29977e+06
23324 9.26925e+06
23338 9.10034e+06
23352 8.95324e+06
23366 8.85669e+06
23380 8.67788e+06
23394 8.49131e+06
23408 8.31711e+06
23422 8.11789e+06
23436 8.03793e+06
23450 8.0236e+06
23464 7.95193e+06
23478 7.79885e+06
23492 7.72986e+06
23506 7.71344e+06
23520 7.69074e+06
23534 7.55143e+06
23548 7.42923e+06
23562 7.32915e+06
23576 7.17146e+06
23590 6.99941e+06
23604 6.87777e+06
23618 6.72682e+06
23632 6.65388e+06
23646 6.62301e+06
23660 6.55959e+06
23674 6.38998e+06
23688 6.3131e+06
23702 6.29245e+06
23716 6.27392e+06
23730 6.17292e+06
23744 6.07314e+06
23758 5.99622e+06
23772 5.87134e+06
23786 5.71914e+06
23800 5.58592e+06
23814 5.43242e+06
23828 5.35177e+06
23842 5.33247e+06
23856 5.29591e+06
23870 5.17605e+06
23884 5.12191e+06
23898 5.10167e+06
23912 5.06679e+06
23926 4.95315e+06
23940 4.85692e+06
23954 4.78671e+06
23968 4.68346e+06
23982 4.57657e+06
23996 4.46833e+06
24010 4.31782e+06
24024 4.23088e+06
24038 4.20464e+06
24052 4.16235e+06
24066 4.07145e+06
24080 4.04648e+06
24094 4.03598e+06
24108 4.01e+06
24122 3.92242e+06
24136 3.84674e+06
24150 3.77862e+06
24164 3.68687e+06
24178 3.58287e+06
24192 3.47663e+06
24206 3.34035e+06
24220 3.28707e+06
24234 3.28352e+06
24248 3.2649e+06
24262 3.20888e+06
24276 3.17951e+06
24290 3.1678e+06
24304 3.14485e+06
24318 3.0761e+06
24332 3.0161e+06
24346 2.96424e+06
24360 2.88518e+06
24374 2.79952e+06
24388 2.71752e+06
24402 2.61428e+06
24416 2.54401e+06
24430 2.52466e+06
24444 2.49036e+06
24458 2.44051e+06
24472 2.42323e+06
24486 2.42033e+06
24500 2.39567e+06
24514 2.33061e+06
24528 2.25553e+06
24542 2.20444e+06
24556 2.15045e+06
24570 2.06199e+06
24584 1.96252e+06
24598 1.89629e+06
24612 1.87052e+06
24626 1.87088e+06
24640 1.87135e+06
24654 1.83308e+06
24668 1.80536e+06
24682 1.78157e+06
24696 1.76901e+06
24710 1.70527e+06
24724 1.66527e+06
24738 1.61712e+06
24752 1.56315e+06
24766 1.49755e+06
24780 1.448e+06
24794 1.38595e+06
24808 1.35682e+06
24822 1.35476e+06
24836 1.3441e+06
24850 1.31969e+06
24864 1.3064e+06
24878 1.29921e+06
24892 1.2813e+06
24906 1.24221e+06
24920 1.2141e+06
24934 1.19148e+06
24948 1.14946e+06
24962 1.08703e+06
24976 1.04336e+06
24990 999239
25004 985229
25018 977219
25032 973405
25046 954718
25060 946525
25074 943040
25088 926292
25102 896015
25116 868549
25130 845597
25144 812799
25158 773767
25172 743917
25186 708479
25200 694642
25214 693911
25228 690602
25242 685818
25256 672340
25270 666854
25284 658989
25298 640934
25312 619547
25326 607859
25340 574209
25354 553541
25368 527772
25382 502631
25396 491888
25410 492656
25424 495252
25438 495695
25452 496658
25466 496024
25480 500154
25494 488811
25508 487370
25522 473235
25536 458774
25550 440012
25564 421051
25578 407289
25592 396647
25606 392423
25620 386267
25634 385917
25648 377650
25662 372711
25676 368610
25690 357053
25704 345776
25718 331385
25732 318893
25746 302469
25760 291342
25774 282207
25788 273576
25802 278404
25816 268081
25830 272308
25844 263444
25858 264462
25872 260665
25886 256174
25900 246709
25914 241626
25928 233418
25942 225070
25956 220395
25970 210725
25984 213219
25998 209669
26012 214097
26026 209941
26040 214388
26054 214165
26068 215661
26082 212754
26096 211416
26110 206018
26124 203164
26138 195739
26152 190286
26166 186300
26180 182799
26194 180542
26208 178119
26222 177695
26236 173721
26250 172111
26264 168199
26278 166419
26292 163321
26306 159373
26320 154733
26334 150684
26348 146417
26362 141421
26376 141750
26390 139168
26404 140998
26418 137746
26432 139762
26446 136678
26460 138570
26474 137849
26488 138719
26502 130346
26516 132569
26530 122735
26544 127208
26558 117061
26572 122517
26586 115280
26600 118642
26614 113066
26628 113988
26642 110981
26656 109491
26670 109132
26684 105739
26698 106340
26712 105227
26726 105380
26740 105048
26754 106002
26768 105734
26782 106324
26796 103254
26810 106668
26824 102321
26838 104874
26852 101963
26866 104379
26880 98707.4
26894 100760
26908 98166.6
26922 97692.9
26936 97017.6
26950 97292
26964 99256.5
26978 95979.8
26992 95996
27006 97672.3
27020 96374.8
27034 96227.9
27048 95337.3
27062 95419.4
27076 94125.3
27090 94184.4
27104 95617.4
27118 93394.8
27132 95439.2
27146 94349.1
27160 92094.8
27174 92457.7
27188 90399.5
27202 91060.9
27216 87874.9
27230 92903.7
27244 88132.3
27258 93009.7
27272 89916
27286 93653.1
27300 89459.5
27314 93691.3
27328 89386.1
27342 89911.4
27356 88010.8
27370 90401
27384 89171.1
27398 91767.5
27412 90550.6
27426 90075.6
27440 91257.5
27454 91722.7
27468 93198.1
27482 91883.1
27496 93767.8
27510 87719.5
27524 92286
27538 87728.3
27552 93327.6
27566 90395
27580 91324.6
27594 93504.5
27608 96699
27622 97774.9
27636 101610
27650 99953
27664 100882
27678 97105.4
27692 98020.6
27706 93983.5
27720 96399.1
27734 90471.1
27748 92258.1
27762 92269
27776 91924.4
27790 94001.5
27804 93904.6
27818 95408.6
27832 93850.1
27846 92213.6
27860 92550.2
27874 90408.5
27888 91342.9
27902 93036.7
27916 94769.2
27930 93374
27944 93460.6
27958 91796.4
27972 88931.3
27986 87994.6
28000 88051.8
28014 86738.1
28028 88006.1
28042 84495.4
28056 87445.3
28070 88170.3
28084 89323.1
28098 92149.1
28112 88963.3
28126 90371.8
28140 87270
28154 89032.1
28168 92714
28182 101416
28196 110119
28210 119117
28224 120951
28238 118894
28252 105748
28266 97105.8
28280 82360.6
28294 81886.7
28308 76595.3
28322 80169.6
28336 80290.6
28350 83671.2
28364 86962.3
28378 88657.6
28392 93699.6
28406 86976.5
28420 89513.8
28434 82182.6
28448 78508.6
28462 74492.5
28476 76921.6
28490 77342.2
28504 81279.3
28518 82636.4
28532 92794.4
28546 102515
28560 108383
28574 109238
28588 108258
28602 104121
28616 100535
28630 100432
28644 102197
28658 105155
28672 107015
28686 112810
28700 117098
28714 119741
28728 123455
28742 119435
28756 117416
28770 107161
28784 109900
28798 97690.7
28812 97587.5
28826 95739.5
28840 99731.1
28854 98525.1
28868 98817.7
28882 91425.3
28896 89032.5
28910 80480.6
28924 78650.9
28938 75817.9
28952 75960.7
28966 76718.6
28980 82234.4
28994 82410.4
29008 82164.4
29022 76954.8
29036 76116.4
29050 70678
29064 74779.2
29078 72896.4
29092 79097.8
29106 76248.8
29120 78645.7
29134 74876.6
29148 74747
29162 68499
29176 70457.5
29190 67636.1
29204 67864.9
29218 68680.1
29232 66887.8
29246 71028.5
29260 69859.5
29274 70934.5
29288 70848
29302 72323.3
29316 75499
29330 76164.9
29344 83898.5
29358 84913.2
29372 91625.9
29386 87777.9
29400 89115.4
29414 80592
29428 85079.9
29442 81159.7
29456 86352.1
29470 86131.6
29484 92748.6
29498 96399
29512 99215
29526 98184.1
29540 91220.3
29554 89850.8
29568 86500.4
29582 85487
29596 80536.3
29610 77242.2
29624 70506.4
29638 68195.4
29652 63567.5
29666 63213.7
29680 61621.4
29694 60682.3
29708 61367.7
29722 64943.1
29736 67652
29750 72073.1
29764 77952.1
29778 77493.7
29792 79396.5
29806 76535.4
29820 74643.1
29834 68619.1
29848 65675.1
29862 63507
29876 62686.8
29890 63463.8
29904 63650.8
29918 63540
29932 64282.2
29946 63949.6
29960 64109.4
29974 62173.7
