0 3.88319e+07
31 3.88319e+07
62 3.88319e+07
93 3.88319e+07
124 3.88319e+07
155 3.88319e+07
186 3.88319e+07
217 3.88319e+07
248 3.88319e+07
279 3.88319e+07
310 3.88319e+07
341 3.88319e+07
372 3.88319e+07
403 3.88319e+07
434 3.88319e+07
465 3.88319e+07
496 3.88319e+07
527 3.88319e+07
558 3.88319e+07
589 3.88319e+07
620 3.88319e+07
651 3.88319e+07
682 3.88319e+07
713 3.88319e+07
744 3.88319e+07
775 3.88319e+07
806 3.88319e+07
837 3.88319e+07
868 3.88319e+07
899 3.88319e+07
930 3.88319e+07
961 3.88319e+07
992 3.88319e+07
1023 3.88319e+07
1054 3.88319e+07
1085 3.88319e+07
1116 3.88319e+07
1147 3.88319e+07
1178 3.88319e+07
1209 3.88319e+07
1240 3.88319e+07
1271 3.88319e+07
1302 3.88319e+07
1333 3.88319e+07
1364 3.88319e+07
1395 3.88319e+07
1426 3.88319e+07
1457 3.88319e+07
1488 3.88319e+07
1519 3.88319e+07
1550 3.88319e+07
1581 3.88319e+07
1612 3.88319e+07
1643 3.88319e+07
1674 3.88319e+07
1705 3.88319e+07
1736 3.88319e+07
1767 3.88319e+07
1798 3.88319e+07
1829 3.88319e+07
1860 3.88319e+07
1891 3.88319e+07
1922 3.88319e+07
1953 3.88319e+07
1984 3.88319e+07
2015 3.88319e+07
2046 3.88319e+07
2077 3.88319e+07
2108 3.88319e+07
2139 3.88319e+07
2170 3.88319e+07
2201 3.88319e+07
2232 3.88319e+07
2263 3.88319e+07
2294 3.88319e+07
2325 3.88319e+07
2356 3.88319e+07
2387 3.88319e+07
2418 3.88319e+07
2449 3.88319e+07
2480 3.88319e+07
2511 3.88319e+07
2542 3.88319e+07
2573 3.88319e+07
2604 3.88319e+07
2635 3.88319e+07
2666 3.88319e+07
2697 3.88319e+07
2728 3.88319e+07
2759 3.88319e+07
2790 3.88319e+07
2821 3.88319e+07
2852 3.88319e+07
2883 3.88319e+07
2914 3.88319e+07
2945 3.88319e+07
2976 3.88319e+07
3007 3.88319e+07
3038 3.88319e+07
3069 3.88319e+07
3100 3.88319e+07
3131 3.88319e+07
3162 3.88319e+07
3193 3.88319e+07
3224 3.88319e+07
3255 3.88319e+07
3286 3.88319e+07
3317 3.88319e+07
3348 3.88319e+07
3379 3.88319e+07
3410 3.88319e+07
3441 3.88319e+07
3472 3.88319e+07
3503 3.88319e+07
3534 3.88319e+07
3565 3.88319e+07
3596 3.88319e+07
3627 3.88319e+07
3658 3.88319e+07
3689 3.88319e+07
3720 3.88318e+07
3751 3.88317e+07
3782 3.88312e+07
3813 3.883e+07
3844 3.8828e+07
3875 3.88256e+07
3906 3.88231e+07
3937 3.88204e+07
3968 3.88171e+07
3999 3.88127e+07
4030 3.88067e+07
4061 3.87988e+07
4092 3.87884e+07
4123 3.87751e+07
4154 3.87585e+07
4185 3.87385e+07
4216 3.87154e+07
4247 3.86895e+07
4278 3.86615e+07
4309 3.8632e+07
4340 3.86019e+07
4371 3.85709e+07
4402 3.85389e+07
4433 3.85054e+07
4464 3.84706e+07
4495 3.84347e+07
4526 3.83984e+07
4557 3.83616e+07
4588 3.83247e+07
4619 3.8288e+07
4650 3.82512e+07
4681 3.82136e+07
4712 3.8173e+07
4743 3.81259e+07
4774 3.80697e+07
4805 3.80023e+07
4836 3.79218e+07
4867 3.7827e+07
4898 3.77181e+07
4929 3.75976e+07
4960 3.74721e+07
4991 3.73393e+07
5022 3.71424e+07
5053 3.68201e+07
5084 3.64528e+07
5115 3.61063e+07
5146 3.5744e+07
5177 3.53471e+07
5208 3.49599e+07
5239 3.45911e+07
5270 3.4214e+07
5301 3.38399e+07
5332 3.34886e+07
5363 3.31473e+07
5394 3.28104e+07
5425 3.24946e+07
5456 3.21999e+07
5487 3.19144e+07
5518 3.16439e+07
5549 3.13955e+07
5580 3.11615e+07
5611 3.09393e+07
5642 3.07342e+07
5673 3.05424e+07
5704 3.03582e+07
5735 3.01864e+07
5766 3.00312e+07
5797 2.98833e+07
5828 2.97368e+07
5859 2.95964e+07
5890 2.94604e+07
5921 2.93263e+07
5952 2.92e+07
5983 2.90862e+07
6014 2.8982e+07
6045 2.88861e+07
6076 2.87989e+07
6107 2.87189e+07
6138 2.86487e+07
6169 2.85939e+07
6200 2.85552e+07
6231 2.85307e+07
6262 2.85197e+07
6293 2.85187e+07
6324 2.8514e+07
6355 2.84854e+07
6386 2.84156e+07
6417 2.82941e+07
6448 2.81362e+07
6479 2.79682e+07
6510 2.77893e+07
6541 2.75925e+07
6572 2.73887e+07
6603 2.71921e+07
6634 2.70026e+07
6665 2.68198e+07
6696 2.66506e+07
6727 2.64949e+07
6758 2.63485e+07
6789 2.62122e+07
6820 2.60865e+07
6851 2.59667e+07
6882 2.58481e+07
6913 2.57298e+07
6944 2.56065e+07
6975 2.54698e+07
7006 2.53126e+07
7037 2.51263e+07
7068 2.49003e+07
7099 2.46288e+07
7130 2.43195e+07
7161 2.3987e+07
7192 2.36454e+07
7223 2.33063e+07
7254 2.29754e+07
7285 2.2657e+07
7316 2.23577e+07
7347 2.2083e+07
7378 2.18289e+07
7409 2.15877e+07
7440 2.13586e+07
7471 2.11448e+07
7502 2.09473e+07
7533 2.07488e+07
7564 2.05373e+07
7595 2.03032e+07
7626 2.00447e+07
7657 1.97724e+07
7688 1.95034e+07
7719 1.92485e+07
7750 1.90013e+07
7781 1.87868e+07
7812 1.86437e+07
7843 1.85623e+07
7874 1.85285e+07
7905 1.85288e+07
7936 1.85642e+07
7967 1.86171e+07
7998 1.86814e+07
8029 1.87595e+07
8060 1.88289e+07
8091 1.88816e+07
8122 1.89141e+07
8153 1.89185e+07
8184 1.88856e+07
8215 1.88106e+07
8246 1.86984e+07
8277 1.85577e+07
8308 1.83977e+07
8339 1.82296e+07
8370 1.80668e+07
8401 1.79219e+07
8432 1.77986e+07
8463 1.77034e+07
8494 1.76402e+07
8525 1.76027e+07
8556 1.7586e+07
8587 1.75719e+07
8618 1.75627e+07
8649 1.75642e+07
8680 1.75651e+07
8711 1.75328e+07
8742 1.74718e+07
8773 1.73953e+07
8804 1.73087e+07
8835 1.72205e+07
8866 1.71396e+07
8897 1.70764e+07
8928 1.70345e+07
8959 1.70138e+07
8990 1.70131e+07
9021 1.70277e+07
9052 1.70527e+07
9083 1.7086e+07
9114 1.71262e+07
9145 1.71822e+07
9176 1.72562e+07
9207 1.73482e+07
9238 1.74624e+07
9269 1.75956e+07
9300 1.77433e+07
9331 1.79005e+07
9362 1.80606e+07
9393 1.82175e+07
9424 1.83673e+07
9455 1.85095e+07
9486 1.86419e+07
9517 1.87432e+07
9548 1.88382e+07
9579 1.89285e+07
9610 1.90159e+07
9641 1.9097e+07
9672 1.91693e+07
9703 1.92322e+07
9734 1.92903e+07
9765 1.93375e+07
9796 1.93724e+07
9827 1.9402e+07
9858 1.94329e+07
9889 1.94671e+07
9920 1.9506e+07
9951 1.95524e+07
9982 1.96092e+07
10013 1.96771e+07
10044 1.97487e+07
10075 1.9822e+07
10106 1.99051e+07
10137 1.99996e+07
10168 2.0102e+07
10199 2.02075e+07
10230 2.03196e+07
10261 2.04376e+07
10292 2.05586e+07
10323 2.068e+07
10354 2.07931e+07
10385 2.08945e+07
10416 2.0991e+07
10447 2.10883e+07
10478 2.11886e+07
10509 2.12942e+07
10540 2.14019e+07
10571 2.15064e+07
10602 2.16116e+07
10633 2.17154e+07
10664 2.18181e+07
10695 2.19151e+07
10726 2.19957e+07
10757 2.20589e+07
10788 2.21065e+07
10819 2.21331e+07
10850 2.21455e+07
10881 2.21542e+07
10912 2.21613e+07
10943 2.21788e+07
10974 2.22027e+07
11005 2.2226e+07
11036 2.22443e+07
11067 2.22631e+07
11098 2.22839e+07
11129 2.23061e+07
11160 2.2321e+07
11191 2.23219e+07
11222 2.23199e+07
11253 2.23188e+07
11284 2.23202e+07
11315 2.23276e+07
11346 2.23423e+07
11377 2.23638e+07
11408 2.23904e+07
11439 2.24201e+07
11470 2.24549e+07
11501 2.24935e+07
11532 2.25325e+07
11563 2.25704e+07
11594 2.26134e+07
11625 2.26612e+07
11656 2.27095e+07
11687 2.27542e+07
11718 2.27943e+07
11749 2.28319e+07
11780 2.28718e+07
11811 2.29146e+07
11842 2.29624e+07
11873 2.30146e+07
11904 2.30707e+07
11935 2.31276e+07
11966 2.31815e+07
11997 2.3228e+07
12028 2.32728e+07
12059 2.33214e+07
12090 2.33752e+07
12121 2.34326e+07
12152 2.34905e+07
12183 2.35467e+07
12214 2.3602e+07
12245 2.36562e+07
12276 2.37056e+07
12307 2.37468e+07
12338 2.37837e+07
12369 2.38214e+07
12400 2.38567e+07
12431 2.38838e+07
12462 2.39075e+07
12493 2.39295e+07
12524 2.39498e+07
12555 2.39694e+07
12586 2.39865e+07
12617 2.3999e+07
12648 2.40062e+07
12679 2.40041e+07
12710 2.39846e+07
12741 2.39419e+07
12772 2.3867e+07
12803 2.37477e+07
12834 2.3572e+07
12865 2.33206e+07
12896 2.29727e+07
12927 2.25243e+07
12958 2.19959e+07
12989 2.14307e+07
13020 2.08795e+07
13051 2.03772e+07
13082 1.99355e+07
13113 1.95435e+07
13144 1.91779e+07
13175 1.88225e+07
13206 1.84763e+07
13237 1.8147e+07
13268 1.78455e+07
13299 1.75729e+07
13330 1.73296e+07
13361 1.71047e+07
13392 1.68885e+07
13423 1.66796e+07
13454 1.64778e+07
13485 1.62819e+07
13516 1.60954e+07
13547 1.59239e+07
13578 1.57631e+07
13609 1.56071e+07
13640 1.54529e+07
13671 1.53025e+07
13702 1.51606e+07
13733 1.50249e+07
13764 1.46159e+07
13795 1.38615e+07
13826 1.38017e+07
13857 1.37614e+07
13888 1.37284e+07
13919 1.37014e+07
13950 1.36816e+07
13981 1.36684e+07
14012 1.36609e+07
14043 1.36595e+07
14074 1.3665e+07
14105 1.36771e+07
14136 1.36939e+07
14167 1.37075e+07
14198 1.37136e+07
14229 1.37174e+07
14260 1.37194e+07
14291 1.37143e+07
14322 1.36948e+07
14353 1.3661e+07
14384 1.36155e+07
14415 1.35582e+07
14446 1.34923e+07
14477 1.34189e+07
14508 1.33356e+07
14539 1.3245e+07
14570 1.3141e+07
14601 1.2993e+07
14632 1.28837e+07
14663 1.27953e+07
14694 1.27153e+07
14725 1.26395e+07
14756 1.25712e+07
14787 1.25086e+07
14818 1.24249e+07
14849 1.21409e+07
14880 1.13678e+07
14911 1.11358e+07
14942 1.10074e+07
14973 1.08684e+07
15004 1.0736e+07
15035 1.06116e+07
15066 1.04905e+07
15097 1.03737e+07
15128 1.02506e+07
15159 1.01423e+07
15190 1.00545e+07
15221 9.97808e+06
15252 9.91248e+06
15283 9.85302e+06
15314 9.79302e+06
15345 9.73289e+06
15376 9.67742e+06
15407 9.62714e+06
15438 9.57818e+06
15469 9.52914e+06
15500 9.48036e+06
15531 9.43023e+06
15562 9.37587e+06
15593 9.31866e+06
15624 9.26112e+06
15655 9.20809e+06
15686 9.1526e+06
15717 9.09805e+06
15748 9.04786e+06
15779 9.0005e+06
15810 8.95121e+06
15841 8.90222e+06
15872 8.85428e+06
15903 8.8066e+06
15934 8.75396e+06
15965 8.69627e+06
15996 8.63321e+06
16027 8.56423e+06
16058 8.49666e+06
16089 8.4247e+06
16120 8.34636e+06
16151 8.26141e+06
16182 8.17933e+06
16213 8.11502e+06
16244 8.0684e+06
16275 8.02893e+06
16306 8.00301e+06
16337 7.98944e+06
16368 7.98437e+06
16399 7.98719e+06
16430 7.99507e+06
16461 8.00495e+06
16492 8.01206e+06
16523 8.01485e+06
16554 8.01582e+06
16585 8.01687e+06
16616 8.01545e+06
16647 8.00564e+06
16678 7.99235e+06
16709 7.97843e+06
16740 7.96039e+06
16771 7.93634e+06
16802 7.90462e+06
16833 7.86927e+06
16864 7.83323e+06
16895 7.79519e+06
16926 7.75375e+06
16957 7.71412e+06
16988 7.6624e+06
17019 7.59366e+06
17050 7.55555e+06
17081 7.52676e+06
17112 7.50648e+06
17143 7.49247e+06
17174 7.48523e+06
17205 7.47911e+06
17236 7.47003e+06
17267 7.46495e+06
17298 7.46181e+06
17329 7.45609e+06
17360 7.44463e+06
17391 7.43046e+06
17422 7.41074e+06
17453 7.38417e+06
17484 7.35252e+06
17515 7.31881e+06
17546 7.28063e+06
17577 7.24261e+06
17608 7.20247e+06
17639 7.1616e+06
17670 7.12202e+06
17701 7.08261e+06
17732 7.04425e+06
17763 7.00888e+06
17794 6.97081e+06
17825 6.92972e+06
17856 6.88462e+06
17887 6.83534e+06
17918 6.78181e+06
17949 6.72292e+06
17980 6.66202e+06
18011 6.60292e+06
18042 6.5454e+06
18073 6.48936e+06
18104 6.43759e+06
18135 6.38837e+06
18166 6.34411e+06
18197 6.30443e+06
18228 6.26761e+06
18259 6.23464e+06
18290 6.17485e+06
18321 6.0688e+06
18352 5.99838e+06
18383 5.94534e+06
18414 5.90527e+06
18445 5.87602e+06
18476 5.85543e+06
18507 5.83671e+06
18538 5.79945e+06
18569 5.77434e+06
18600 5.77459e+06
18631 5.78024e+06
18662 5.78771e+06
18693 5.78678e+06
18724 5.77669e+06
18755 5.76503e+06
18786 5.75595e+06
18817 5.75487e+06
18848 5.75842e+06
18879 5.76476e+06
18910 5.77217e+06
18941 5.77558e+06
18972 5.77583e+06
19003 5.77115e+06
19034 5.76073e+06
19065 5.7518e+06
19096 5.73791e+06
19127 5.71814e+06
19158 5.6965e+06
19189 5.67623e+06
19220 5.65868e+06
19251 5.64488e+06
19282 5.63386e+06
19313 5.62514e+06
19344 5.6193e+06
19375 5.61651e+06
19406 5.61507e+06
19437 5.61487e+06
19468 5.61722e+06
19499 5.62544e+06
19530 5.63677e+06
19561 5.64954e+06
19592 5.66434e+06
19623 5.68043e+06
19654 5.69778e+06
19685 5.71506e+06
19716 5.73022e+06
19747 5.74276e+06
19778 5.75279e+06
19809 5.7665e+06
19840 5.78904e+06
19871 5.81946e+06
19902 5.85476e+06
19933 5.896e+06
19964 5.94252e+06
19995 5.99354e+06
20026 6.05043e+06
20057 6.11368e+06
20088 6.18178e+06
20119 6.25359e+06
20150 6.33076e+06
20181 6.41257e+06
20212 6.49672e+06
20243 6.58275e+06
20274 6.67279e+06
20305 6.76626e+06
20336 6.86062e+06
20367 6.95503e+06
20398 7.04675e+06
20429 7.13176e+06
20460 7.21026e+06
20491 7.27807e+06
20522 7.33064e+06
20553 7.36895e+06
20584 7.40332e+06
20615 7.43744e+06
20646 7.47298e+06
20677 7.511e+06
20708 7.55258e+06
20739 7.5978e+06
20770 7.64774e+06
20801 7.69963e+06
20832 7.754e+06
20863 7.80829e+06
20894 7.86173e+06
20925 7.91123e+06
20956 7.95573e+06
20987 7.99647e+06
21018 8.03588e+06
21049 8.0756e+06
21080 8.11552e+06
21111 8.15571e+06
21142 8.1954e+06
21173 8.23202e+06
21204 8.26093e+06
21235 8.28675e+06
21266 8.31404e+06
21297 8.34361e+06
21328 8.37675e+06
21359 8.41187e+06
21390 8.44362e+06
21421 8.4723e+06
21452 8.49636e+06
21483 8.51194e+06
21514 8.52337e+06
21545 8.52978e+06
21576 8.53126e+06
21607 8.52524e+06
21638 8.51226e+06
21669 8.49555e+06
21700 8.47701e+06
21731 8.45416e+06
21762 8.43113e+06
21793 8.40935e+06
21824 8.38784e+06
21855 8.36634e+06
21886 8.34788e+06
21917 8.3297e+06
21948 8.31237e+06
21979 8.29694e+06
22010 8.28254e+06
22041 8.26109e+06
22072 8.23639e+06
22103 8.20999e+06
22134 8.18337e+06
22165 8.15832e+06
22196 8.13367e+06
22227 8.11058e+06
22258 8.08972e+06
22289 8.07055e+06
22320 8.05309e+06
22351 8.03421e+06
22382 8.01591e+06
22413 7.99784e+06
22444 7.98073e+06
22475 7.96687e+06
22506 7.9556e+06
22537 7.9474e+06
22568 7.94158e+06
22599 7.938e+06
22630 7.93616e+06
22661 7.93528e+06
22692 7.93572e+06
22723 7.93885e+06
22754 7.94499e+06
22785 7.95345e+06
22816 7.96554e+06
22847 7.98047e+06
22878 7.99944e+06
22909 8.02315e+06
22940 8.05122e+06
22971 8.08264e+06
23002 8.11508e+06
23033 8.14872e+06
23064 8.18239e+06
23095 8.21427e+06
23126 8.24527e+06
23157 8.27502e+06
23188 8.30334e+06
23219 8.3305e+06
23250 8.35666e+06
23281 8.37777e+06
23312 8.39423e+06
23343 8.40656e+06
23374 8.41466e+06
23405 8.42022e+06
23436 8.4243e+06
23467 8.42793e+06
23498 8.43255e+06
23529 8.43875e+06
23560 8.44709e+06
23591 8.45695e+06
23622 8.46889e+06
23653 8.48603e+06
23684 8.5083e+06
23715 8.53653e+06
23746 8.56964e+06
23777 8.60501e+06
23808 8.64155e+06
23839 8.67518e+06
23870 8.69947e+06
23901 8.71715e+06
23932 8.73249e+06
23963 8.74915e+06
23994 8.76691e+06
24025 8.78513e+06
24056 8.8018e+06
24087 8.81601e+06
24118 8.82731e+06
24149 8.82862e+06
24180 8.82084e+06
24211 8.81208e+06
24242 8.80337e+06
24273 8.79629e+06
24304 8.78894e+06
24335 8.78064e+06
24366 8.77228e+06
24397 8.76314e+06
24428 8.75404e+06
24459 8.7475e+06
24490 8.74651e+06
24521 8.75179e+06
24552 8.76402e+06
24583 8.78179e+06
24614 8.80343e+06
24645 8.82736e+06
24676 8.85242e+06
24707 8.87773e+06
24738 8.90451e+06
24769 8.92929e+06
24800 8.9495e+06
24831 8.96459e+06
24862 8.97366e+06
24893 8.97819e+06
24924 8.97653e+06
24955 8.97006e+06
24986 8.96189e+06
25017 8.95109e+06
25048 8.9363e+06
25079 8.91884e+06
25110 8.90014e+06
25141 8.87843e+06
25172 8.85002e+06
25203 8.81512e+06
25234 8.77574e+06
25265 8.73184e+06
25296 8.68597e+06
25327 8.64231e+06
25358 8.60079e+06
25389 8.56165e+06
25420 8.5259e+06
25451 8.49153e+06
25482 8.45868e+06
25513 8.42699e+06
25544 8.39654e+06
25575 8.36681e+06
25606 8.33534e+06
25637 8.30057e+06
25668 8.26138e+06
25699 8.21752e+06
25730 8.16845e+06
25761 8.11719e+06
25792 8.06681e+06
25823 8.01845e+06
25854 7.97346e+06
25885 7.93259e+06
25916 7.89552e+06
25947 7.8606e+06
25978 7.82751e+06
26009 7.79483e+06
26040 7.76459e+06
26071 7.73614e+06
26102 7.70826e+06
26133 7.67738e+06
26164 7.6418e+06
26195 7.60137e+06
26226 7.55587e+06
26257 7.50595e+06
26288 7.45104e+06
26319 7.39018e+06
26350 7.32512e+06
26381 7.25753e+06
26412 7.18468e+06
26443 7.10844e+06
26474 7.03171e+06
26505 6.95559e+06
26536 6.88221e+06
26567 6.81181e+06
26598 6.74535e+06
26629 6.68372e+06
26660 6.62688e+06
26691 6.5751e+06
26722 6.5292e+06
26753 6.48697e+06
26784 6.449e+06
26815 6.41656e+06
26846 6.38767e+06
26877 6.36179e+06
26908 6.33931e+06
26939 6.32008e+06
26970 6.30407e+06
27001 6.28964e+06
27032 6.27406e+06
27063 6.25252e+06
27094 6.22345e+06
27125 6.19203e+06
27156 6.15895e+06
27187 6.12545e+06
27218 6.09152e+06
27249 6.05656e+06
27280 6.01854e+06
27311 5.9763e+06
27342 5.92996e+06
27373 5.88055e+06
27404 5.83031e+06
27435 5.78261e+06
27466 5.74099e+06
27497 5.70482e+06
27528 5.674e+06
27559 5.6473e+06
27590 5.62319e+06
27621 5.6016e+06
27652 5.57929e+06
27683 5.5531e+06
27714 5.52619e+06
27745 5.49959e+06
27776 5.47535e+06
27807 5.45399e+06
27838 5.43426e+06
27869 5.41525e+06
27900 5.39666e+06
27931 5.3788e+06
27962 5.36228e+06
27993 5.34775e+06
28024 5.33452e+06
28055 5.32216e+06
28086 5.31081e+06
28117 5.30131e+06
28148 5.29318e+06
28179 5.28585e+06
28210 5.27662e+06
28241 5.26647e+06
28272 5.25518e+06
28303 5.24116e+06
28334 5.22755e+06
28365 5.21568e+06
28396 5.20513e+06
28427 5.19574e+06
28458 5.18802e+06
28489 5.18132e+06
28520 5.1773e+06
28551 5.17579e+06
28582 5.17641e+06
28613 5.17935e+06
28644 5.18423e+06
28675 5.19026e+06
28706 5.19576e+06
28737 5.20027e+06
28768 5.20453e+06
28799 5.20909e+06
28830 5.21283e+06
28861 5.21557e+06
28892 5.21858e+06
28923 5.22178e+06
28954 5.22524e+06
28985 5.22689e+06
29016 5.22867e+06
29047 5.23168e+06
29078 5.23598e+06
29109 5.24235e+06
29140 5.25102e+06
29171 5.25973e+06
29202 5.26752e+06
29233 5.27364e+06
29264 5.2789e+06
29295 5.28406e+06
29326 5.28959e+06
29357 5.29583e+06
29388 5.30312e+06
29419 5.31164e+06
29450 5.32124e+06
29481 5.33074e+06
29512 5.33942e+06
29543 5.34657e+06
29574 5.35072e+06
29605 5.35358e+06
29636 5.35657e+06
29667 5.36033e+06
29698 5.36436e+06
29729 5.36963e+06
29760 5.37743e+06
29791 5.38673e+06
29822 5.39703e+06
29853 5.40878e+06
29884 5.42172e+06
29915 5.43526e+06
29946 5.45071e+06
29977 5.4675e+06
30008 5.48607e+06
30039 5.50729e+06
30070 5.53153e+06
30101 5.55821e+06
30132 5.58473e+06
30163 5.61173e+06
30194 5.63874e+06
30225 5.66464e+06
30256 5.69085e+06
30287 5.71616e+06
30318 5.74008e+06
30349 5.76354e+06
30380 5.78556e+06
30411 5.80634e+06
30442 5.82472e+06
30473 5.83804e+06
30504 5.84748e+06
30535 5.85419e+06
30566 5.8619e+06
30597 5.8699e+06
30628 5.87902e+06
30659 5.88982e+06
30690 5.90314e+06
30721 5.91759e+06
30752 5.93071e+06
30783 5.94612e+06
30814 5.96344e+06
30845 5.98052e+06
30876 5.99787e+06
30907 6.01564e+06
30938 6.03328e+06
30969 6.04983e+06
31000 6.06527e+06
31031 6.08072e+06
31062 6.0967e+06
31093 6.11327e+06
31124 6.1298e+06
31155 6.1464e+06
31186 6.16197e+06
31217 6.17558e+06
31248 6.18761e+06
31279 6.1986e+06
31310 6.20843e+06
31341 6.21898e+06
31372 6.23004e+06
31403 6.24133e+06
31434 6.25134e+06
31465 6.25899e+06
31496 6.26418e+06
31527 6.267e+06
31558 6.26784e+06
31589 6.26782e+06
31620 6.26786e+06
31651 6.26977e+06
31682 6.27257e+06
31713 6.27398e+06
31744 6.27435e+06
31775 6.27391e+06
31806 6.27353e+06
31837 6.27282e+06
31868 6.27209e+06
31899 6.27221e+06
31930 6.27266e+06
31961 6.27055e+06
