0 1.94165e+07
15 1.94165e+07
30 1.94165e+07
45 1.94165e+07
60 1.94165e+07
75 1.94165e+07
90 1.94165e+07
105 1.94165e+07
120 1.94165e+07
135 1.94165e+07
150 1.94165e+07
165 1.94165e+07
180 1.94165e+07
195 1.94165e+07
210 1.94165e+07
225 1.94165e+07
240 1.94165e+07
255 1.94165e+07
270 1.94165e+07
285 1.94165e+07
300 1.94165e+07
315 1.94165e+07
330 1.94165e+07
345 1.94165e+07
360 1.94165e+07
375 1.94165e+07
390 1.94165e+07
405 1.94165e+07
420 1.94165e+07
435 1.94165e+07
450 1.94165e+07
465 1.94165e+07
480 1.94165e+07
495 1.94165e+07
510 1.94165e+07
525 1.94165e+07
540 1.94165e+07
555 1.94165e+07
570 1.94165e+07
585 1.94165e+07
600 1.94165e+07
615 1.94165e+07
630 1.94165e+07
645 1.94165e+07
660 1.94165e+07
675 1.94165e+07
690 1.94165e+07
705 1.94165e+07
720 1.94165e+07
735 1.94165e+07
750 1.94165e+07
765 1.94165e+07
780 1.94165e+07
795 1.94165e+07
810 1.94165e+07
825 1.94165e+07
840 1.94165e+07
855 1.94165e+07
870 1.94165e+07
885 1.94165e+07
900 1.94165e+07
915 1.94165e+07
930 1.94165e+07
945 1.94165e+07
960 1.94165e+07
975 1.94165e+07
990 1.94165e+07
1005 1.94165e+07
1020 1.94165e+07
1035 1.94165e+07
1050 1.94165e+07
1065 1.94165e+07
1080 1.94165e+07
1095 1.94165e+07
1110 1.94165e+07
1125 1.94165e+07
1140 1.94165e+07
1155 1.94165e+07
1170 1.94165e+07
1185 1.94165e+07
1200 1.94165e+07
1215 1.94165e+07
1230 1.94165e+07
1245 1.94165e+07
1260 1.94165e+07
1275 1.94165e+07
1290 1.94165e+07
1305 1.94165e+07
1320 1.94165e+07
1335 1.94165e+07
1350 1.94165e+07
1365 1.94165e+07
1380 1.94165e+07
1395 1.94165e+07
1410 1.94165e+07
1425 1.94165e+07
1440 1.94165e+07
1455 1.94165e+07
1470 1.94165e+07
1485 1.94165e+07
1500 1.94165e+07
1515 1.94165e+07
1530 1.94165e+07
1545 1.94165e+07
1560 1.94165e+07
1575 1.94165e+07
1590 1.94165e+07
1605 1.94165e+07
1620 1.94165e+07
1635 1.94165e+07
1650 1.94165e+07
1665 1.94165e+07
1680 1.94165e+07
1695 1.94165e+07
1710 1.94165e+07
1725 1.94165e+07
1740 1.94165e+07
1755 1.94165e+07
1770 1.94165e+07
1785 1.94165e+07
1800 1.94165e+07
1815 1.94165e+07
1830 1.94165e+07
1845 1.94165e+07
1860 1.94165e+07
1875 1.94165e+07
1890 1.94165e+07
1905 1.94165e+07
1920 1.94165e+07
1935 1.94165e+07
1950 1.94165e+07
1965 1.94165e+07
1980 1.94165e+07
1995 1.94165e+07
2010 1.94165e+07
2025 1.94165e+07
2040 1.94165e+07
2055 1.94165e+07
2070 1.94165e+07
2085 1.94165e+07
2100 1.94165e+07
2115 1.94165e+07
2130 1.94165e+07
2145 1.94165e+07
2160 1.94165e+07
2175 1.94166e+07
2190 1.94165e+07
2205 1.94166e+07
2220 1.94166e+07
2235 1.94166e+07
2250 1.94166e+07
2265 1.94166e+07
2280 1.94166e+07
2295 1.94166e+07
2310 1.94166e+07
2325 1.94165e+07
2340 1.94166e+07
2355 1.94166e+07
2370 1.94166e+07
2385 1.94166e+07
2400 1.94166e+07
2415 1.94166e+07
2430 1.94166e+07
2445 1.94166e+07
2460 1.94166e+07
2475 1.94166e+07
2490 1.94166e+07
2505 1.94166e+07
2520 1.94166e+07
2535 1.94166e+07
2550 1.94166e+07
2565 1.94166e+07
2580 1.94166e+07
2595 1.94166e+07
2610 1.94166e+07
2625 1.94166e+07
2640 1.94166e+07
2655 1.94166e+07
2670 1.94166e+07
2685 1.94166e+07
2700 1.94166e+07
2715 1.94166e+07
2730 1.94166e+07
2745 1.94166e+07
2760 1.94166e+07
2775 1.94166e+07
2790 1.94166e+07
2805 1.94166e+07
2820 1.94166e+07
2835 1.94166e+07
2850 1.94166e+07
2865 1.94166e+07
2880 1.94166e+07
2895 1.94166e+07
2910 1.94166e+07
2925 1.94166e+07
2940 1.94166e+07
2955 1.94166e+07
2970 1.94166e+07
2985 1.94166e+07
3000 1.94166e+07
3015 1.94166e+07
3030 1.94166e+07
3045 1.94166e+07
3060 1.94166e+07
3075 1.94166e+07
3090 1.94166e+07
3105 1.94166e+07
3120 1.94166e+07
3135 1.94166e+07
3150 1.94166e+07
3165 1.94166e+07
3180 1.94166e+07
3195 1.94166e+07
3210 1.94166e+07
3225 1.94166e+07
3240 1.94166e+07
3255 1.94166e+07
3270 1.94166e+07
3285 1.94166e+07
3300 1.94166e+07
3315 1.94166e+07
3330 1.94166e+07
3345 1.94166e+07
3360 1.94166e+07
3375 1.94166e+07
3390 1.94166e+07
3405 1.94166e+07
3420 1.94166e+07
3435 1.94166e+07
3450 1.94166e+07
3465 1.94166e+07
3480 1.94166e+07
3495 1.94166e+07
3510 1.94166e+07
3525 1.94166e+07
3540 1.94166e+07
3555 1.94166e+07
3570 1.94166e+07
3585 1.94166e+07
3600 1.94166e+07
3615 1.94166e+07
3630 1.94166e+07
3645 1.94166e+07
3660 1.94166e+07
3675 1.94166e+07
3690 1.94165e+07
3705 1.94165e+07
3720 1.94165e+07
3735 1.94165e+07
3750 1.94165e+07
3765 1.94163e+07
3780 1.94157e+07
3795 1.94149e+07
3810 1.94141e+07
3825 1.94131e+07
3840 1.94128e+07
3855 1.94142e+07
3870 1.94067e+07
3885 1.93794e+07
3900 1.93635e+07
3915 1.93717e+07
3930 1.93726e+07
3945 1.93416e+07
3960 1.93099e+07
3975 1.92991e+07
3990 1.93157e+07
4005 1.93361e+07
4020 1.93219e+07
4035 1.90735e+07
4050 1.86912e+07
4065 1.84257e+07
4080 1.82973e+07
4095 1.82741e+07
4110 1.83255e+07
4125 1.84478e+07
4140 1.86348e+07
4155 1.88068e+07
4170 1.88047e+07
4185 1.84553e+07
4200 1.77695e+07
4215 1.71388e+07
4230 1.6735e+07
4245 1.66228e+07
4260 1.68341e+07
4275 1.7195e+07
4290 1.74162e+07
4305 1.75125e+07
4320 1.75576e+07
4335 1.73819e+07
4350 1.68955e+07
4365 1.64115e+07
4380 1.61799e+07
4395 1.62388e+07
4410 1.62463e+07
4425 1.62647e+07
4440 1.63363e+07
4455 1.63737e+07
4470 1.63711e+07
4485 1.63639e+07
4500 1.61017e+07
4515 1.55729e+07
4530 1.51858e+07
4545 1.51172e+07
4560 1.5175e+07
4575 1.51191e+07
4590 1.52524e+07
4605 1.53984e+07
4620 1.53248e+07
4635 1.51981e+07
4650 1.51457e+07
4665 1.50183e+07
4680 1.46928e+07
4695 1.44328e+07
4710 1.43084e+07
4725 1.41991e+07
4740 1.41855e+07
4755 1.43108e+07
4770 1.44417e+07
4785 1.45212e+07
4800 1.44922e+07
4815 1.42174e+07
4830 1.3734e+07
4845 1.33037e+07
4860 1.30949e+07
4875 1.30167e+07
4890 1.29339e+07
4905 1.29543e+07
4920 1.30637e+07
4935 1.31453e+07
4950 1.31543e+07
4965 1.29714e+07
4980 1.26279e+07
4995 1.24298e+07
5010 1.24632e+07
5025 1.25799e+07
5040 1.26528e+07
5055 1.28105e+07
5070 1.30189e+07
5085 1.31253e+07
5100 1.32139e+07
5115 1.30387e+07
5130 1.25978e+07
5145 1.22828e+07
5160 1.21864e+07
5175 1.21519e+07
5190 1.22832e+07
5205 1.27172e+07
5220 1.31899e+07
5235 1.33747e+07
5250 1.31871e+07
5265 1.27212e+07
5280 1.21018e+07
5295 1.16459e+07
5310 1.15611e+07
5325 1.17331e+07
5340 1.19668e+07
5355 1.22663e+07
5370 1.2565e+07
5385 1.24668e+07
5400 1.20923e+07
5415 1.15585e+07
5430 1.1092e+07
5445 1.09482e+07
5460 1.11209e+07
5475 1.12544e+07
5490 1.14238e+07
5505 1.17727e+07
5520 1.21258e+07
5535 1.2092e+07
5550 1.16353e+07
5565 1.11585e+07
5580 1.08554e+07
5595 1.07471e+07
5610 1.06327e+07
5625 1.06455e+07
5640 1.10113e+07
5655 1.15499e+07
5670 1.19385e+07
5685 1.19829e+07
5700 1.16444e+07
5715 1.12193e+07
5730 1.09692e+07
5745 1.08568e+07
5760 1.08102e+07
5775 1.09857e+07
5790 1.13046e+07
5805 1.1577e+07
5820 1.16531e+07
5835 1.13135e+07
5850 1.1067e+07
5865 1.09857e+07
5880 1.08774e+07
5895 1.0682e+07
5910 1.05869e+07
5925 1.06681e+07
5940 1.06829e+07
5955 1.07896e+07
5970 1.08312e+07
5985 1.0964e+07
6000 1.12294e+07
6015 1.12337e+07
6030 1.08839e+07
6045 1.06105e+07
6060 1.04011e+07
6075 1.0306e+07
6090 1.04141e+07
6105 1.06415e+07
6120 1.10544e+07
6135 1.15251e+07
6150 1.1624e+07
6165 1.13032e+07
6180 1.07321e+07
6195 1.03506e+07
6210 1.02838e+07
6225 1.04611e+07
6240 1.08233e+07
6255 1.12561e+07
6270 1.15242e+07
6285 1.13878e+07
6300 1.10572e+07
6315 1.0858e+07
6330 1.09102e+07
6345 1.10449e+07
6360 1.11448e+07
6375 1.12642e+07
6390 1.11406e+07
6405 1.10006e+07
6420 1.10273e+07
6435 1.1238e+07
6450 1.15782e+07
6465 1.18695e+07
6480 1.19407e+07
6495 1.16662e+07
6510 1.12698e+07
6525 1.10244e+07
6540 1.10456e+07
6555 1.12655e+07
6570 1.16092e+07
6585 1.18717e+07
6600 1.17964e+07
6615 1.14782e+07
6630 1.12894e+07
6645 1.13412e+07
6660 1.15581e+07
6675 1.18091e+07
6690 1.18738e+07
6705 1.17493e+07
6720 1.15704e+07
6735 1.15211e+07
6750 1.16619e+07
6765 1.19525e+07
6780 1.21694e+07
6795 1.22278e+07
6810 1.21491e+07
6825 1.19974e+07
6840 1.18602e+07
6855 1.18517e+07
6870 1.19406e+07
6885 1.20558e+07
6900 1.21634e+07
6915 1.22642e+07
6930 1.23123e+07
6945 1.22293e+07
6960 1.20354e+07
6975 1.18941e+07
6990 1.18749e+07
7005 1.19325e+07
7020 1.19403e+07
7035 1.199e+07
7050 1.21692e+07
7065 1.23394e+07
7080 1.24763e+07
7095 1.25096e+07
7110 1.23945e+07
7125 1.21652e+07
7140 1.19594e+07
7155 1.18644e+07
7170 1.18686e+07
7185 1.19905e+07
7200 1.21834e+07
7215 1.232e+07
7230 1.2324e+07
7245 1.22309e+07
7260 1.20764e+07
7275 1.19745e+07
7290 1.19987e+07
7305 1.20826e+07
7320 1.22042e+07
7335 1.23492e+07
7350 1.24346e+07
7365 1.24301e+07
7380 1.23717e+07
7395 1.22788e+07
7410 1.22644e+07
7425 1.23709e+07
7440 1.25337e+07
7455 1.2693e+07
7470 1.27659e+07
7485 1.26997e+07
7500 1.25822e+07
7515 1.24942e+07
7530 1.2455e+07
7545 1.24471e+07
7560 1.24791e+07
7575 1.25606e+07
7590 1.26482e+07
7605 1.26898e+07
7620 1.26444e+07
7635 1.25575e+07
7650 1.25243e+07
7665 1.25473e+07
7680 1.2612e+07
7695 1.27189e+07
7710 1.27882e+07
7725 1.27928e+07
7740 1.28008e+07
7755 1.27982e+07
7770 1.27624e+07
7785 1.27383e+07
7800 1.26955e+07
7815 1.26748e+07
7830 1.26769e+07
7845 1.26994e+07
7860 1.2696e+07
7875 1.26623e+07
7890 1.26595e+07
7905 1.26786e+07
7920 1.2693e+07
7935 1.27275e+07
7950 1.27691e+07
7965 1.28033e+07
7980 1.28058e+07
7995 1.27753e+07
8010 1.27931e+07
8025 1.2825e+07
8040 1.2806e+07
8055 1.28001e+07
8070 1.28089e+07
8085 1.28122e+07
8100 1.28269e+07
8115 1.28406e+07
8130 1.28205e+07
8145 1.27996e+07
8160 1.28258e+07
8175 1.28707e+07
8190 1.28735e+07
8205 1.28648e+07
8220 1.28294e+07
8235 1.27966e+07
8250 1.28085e+07
8265 1.28405e+07
8280 1.28399e+07
8295 1.28002e+07
8310 1.27846e+07
8325 1.28028e+07
8340 1.28194e+07
8355 1.28156e+07
8370 1.28138e+07
8385 1.28429e+07
8400 1.28357e+07
8415 1.28056e+07
8430 1.27794e+07
8445 1.27838e+07
8460 1.28026e+07
8475 1.28099e+07
8490 1.28048e+07
8505 1.28039e+07
8520 1.28088e+07
8535 1.28024e+07
8550 1.27906e+07
8565 1.27893e+07
8580 1.27972e+07
8595 1.28042e+07
8610 1.28208e+07
8625 1.28051e+07
8640 1.27887e+07
8655 1.27912e+07
8670 1.27915e+07
8685 1.27843e+07
8700 1.27908e+07
8715 1.28034e+07
8730 1.2793e+07
8745 1.27807e+07
8760 1.27818e+07
8775 1.27866e+07
8790 1.2785e+07
8805 1.27815e+07
8820 1.27812e+07
8835 1.27854e+07
8850 1.27884e+07
8865 1.27852e+07
8880 1.27792e+07
8895 1.27745e+07
8910 1.27682e+07
8925 1.27864e+07
8940 1.2787e+07
8955 1.27748e+07
8970 1.27804e+07
8985 1.27837e+07
9000 1.27749e+07
9015 1.27762e+07
9030 1.27829e+07
9045 1.27772e+07
9060 1.27695e+07
9075 1.27811e+07
9090 1.27683e+07
9105 1.27649e+07
9120 1.27739e+07
9135 1.27684e+07
9150 1.27607e+07
9165 1.27673e+07
9180 1.27756e+07
9195 1.277e+07
9210 1.27657e+07
9225 1.27714e+07
9240 1.27657e+07
9255 1.27659e+07
9270 1.27706e+07
9285 1.27687e+07
9300 1.27609e+07
9315 1.27664e+07
9330 1.27659e+07
9345 1.27579e+07
9360 1.27647e+07
9375 1.27692e+07
9390 1.27632e+07
9405 1.27689e+07
9420 1.2766e+07
9435 1.27645e+07
9450 1.27629e+07
9465 1.27622e+07
9480 1.27651e+07
9495 1.27633e+07
9510 1.27598e+07
9525 1.27636e+07
9540 1.27558e+07
9555 1.27591e+07
9570 1.27677e+07
9585 1.27651e+07
9600 1.27666e+07
9615 1.27652e+07
9630 1.27649e+07
9645 1.27657e+07
9660 1.27668e+07
9675 1.27635e+07
9690 1.2757e+07
9705 1.27601e+07
9720 1.27676e+07
9735 1.27599e+07
9750 1.27645e+07
9765 1.27646e+07
9780 1.27603e+07
9795 1.27692e+07
9810 1.27648e+07
9825 1.2766e+07
9840 1.27618e+07
9855 1.27601e+07
9870 1.27616e+07
9885 1.27586e+07
9900 1.27572e+07
9915 1.27609e+07
9930 1.2758e+07
9945 1.27585e+07
9960 1.27602e+07
9975 1.27577e+07
9990 1.27606e+07
10005 1.27641e+07
10020 1.27631e+07
10035 1.27572e+07
10050 1.27593e+07
10065 1.27619e+07
10080 1.27628e+07
10095 1.27593e+07
10110 1.27591e+07
10125 1.27572e+07
10140 1.27595e+07
10155 1.27594e+07
10170 1.27601e+07
10185 1.27624e+07
10200 1.27594e+07
10215 1.27627e+07
10230 1.27655e+07
10245 1.27561e+07
10260 1.27608e+07
10275 1.2758e+07
10290 1.27556e+07
10305 1.27661e+07
10320 1.27614e+07
10335 1.27614e+07
10350 1.27587e+07
10365 1.27618e+07
10380 1.27641e+07
10395 1.27607e+07
10410 1.2762e+07
10425 1.27595e+07
10440 1.27605e+07
10455 1.27654e+07
10470 1.27583e+07
10485 1.27604e+07
10500 1.27571e+07
10515 1.27622e+07
10530 1.27627e+07
10545 1.27623e+07
10560 1.27611e+07
10575 1.27628e+07
10590 1.27623e+07
10605 1.27631e+07
10620 1.27687e+07
10635 1.27616e+07
10650 1.27645e+07
10665 1.27678e+07
10680 1.27596e+07
10695 1.27635e+07
10710 1.27579e+07
10725 1.27602e+07
10740 1.27645e+07
10755 1.27547e+07
10770 1.27712e+07
10785 1.27644e+07
10800 1.27656e+07
10815 1.27741e+07
10830 1.27682e+07
10845 1.27704e+07
10860 1.27672e+07
10875 1.27677e+07
10890 1.27662e+07
10905 1.27626e+07
10920 1.27661e+07
10935 1.27658e+07
10950 1.27667e+07
10965 1.27646e+07
10980 1.27658e+07
10995 1.27634e+07
11010 1.27673e+07
11025 1.27724e+07
11040 1.27697e+07
11055 1.27732e+07
11070 1.277e+07
11085 1.27697e+07
11100 1.27638e+07
11115 1.27625e+07
11130 1.27657e+07
11145 1.27682e+07
11160 1.27692e+07
11175 1.27659e+07
11190 1.27712e+07
11205 1.27701e+07
11220 1.27678e+07
11235 1.27698e+07
11250 1.27679e+07
11265 1.27677e+07
11280 1.27715e+07
11295 1.27625e+07
11310 1.27698e+07
11325 1.27667e+07
11340 1.27692e+07
11355 1.27734e+07
11370 1.27653e+07
11385 1.27724e+07
11400 1.27664e+07
11415 1.2775e+07
11430 1.27713e+07
11445 1.27678e+07
11460 1.27775e+07
11475 1.2773e+07
11490 1.27752e+07
11505 1.27743e+07
11520 1.27676e+07
11535 1.27755e+07
11550 1.27681e+07
11565 1.27727e+07
11580 1.27706e+07
11595 1.27682e+07
11610 1.27725e+07
11625 1.27703e+07
11640 1.27727e+07
11655 1.27723e+07
11670 1.27741e+07
11685 1.27728e+07
11700 1.2778e+07
11715 1.27756e+07
11730 1.27737e+07
11745 1.27762e+07
11760 1.27692e+07
11775 1.27718e+07
11790 1.27695e+07
11805 1.27712e+07
11820 1.27679e+07
11835 1.27679e+07
11850 1.27604e+07
11865 1.27615e+07
11880 1.27608e+07
11895 1.27549e+07
11910 1.27534e+07
11925 1.27463e+07
11940 1.27418e+07
11955 1.27354e+07
11970 1.27272e+07
11985 1.27102e+07
12000 1.26901e+07
12015 1.26676e+07
12030 1.26397e+07
12045 1.26028e+07
12060 1.25592e+07
12075 1.25316e+07
12090 1.25197e+07
12105 1.24587e+07
12120 1.23417e+07
12135 1.22868e+07
12150 1.22495e+07
12165 1.2185e+07
12180 1.21463e+07
12195 1.20988e+07
12210 1.20722e+07
12225 1.20482e+07
12240 1.20374e+07
12255 1.20246e+07
12270 1.20269e+07
12285 1.20124e+07
12300 1.19213e+07
12315 1.16659e+07
12330 1.14298e+07
12345 1.13539e+07
12360 1.13094e+07
12375 1.12631e+07
12390 1.12543e+07
12405 1.12533e+07
12420 1.12506e+07
12435 1.12442e+07
12450 1.12358e+07
12465 1.12268e+07
12480 1.12164e+07
12495 1.11967e+07
12510 1.11351e+07
12525 1.09562e+07
12540 1.066e+07
12555 1.03953e+07
12570 1.02154e+07
12585 1.00731e+07
12600 1.00318e+07
12615 1.00234e+07
12630 1.00223e+07
12645 1.00138e+07
12660 1.00041e+07
12675 9.9971e+06
12690 9.9834e+06
12705 9.97671e+06
12720 9.94985e+06
12735 9.88037e+06
12750 9.68222e+06
12765 9.42376e+06
12780 9.32567e+06
12795 9.30204e+06
12810 9.30228e+06
12825 9.27648e+06
12840 9.26224e+06
12855 9.2398e+06
12870 9.19997e+06
12885 9.1645e+06
12900 9.12147e+06
12915 9.07113e+06
12930 9.01993e+06
12945 8.91814e+06
12960 8.73688e+06
12975 8.60752e+06
12990 8.59433e+06
13005 8.5805e+06
13020 8.5331e+06
13035 8.47292e+06
13050 8.4042e+06
13065 8.331e+06
13080 8.27148e+06
13095 8.18027e+06
13110 8.12293e+06
13125 8.07836e+06
13140 8.07019e+06
13155 8.05082e+06
13170 8.05304e+06
13185 8.05218e+06
13200 8.0455e+06
13215 8.01031e+06
13230 7.89855e+06
13245 7.74854e+06
13260 7.60433e+06
13275 7.53123e+06
13290 7.46844e+06
13305 7.42823e+06
13320 7.40092e+06
13335 7.40253e+06
13350 7.39616e+06
13365 7.38989e+06
13380 7.37977e+06
13395 7.37709e+06
13410 7.32622e+06
13425 7.22781e+06
13440 7.14399e+06
13455 7.07287e+06
13470 7.07731e+06
13485 7.08343e+06
13500 7.087e+06
13515 7.07617e+06
13530 7.03454e+06
13545 6.97683e+06
13560 6.93922e+06
13575 6.92749e+06
13590 6.9212e+06
13605 6.91747e+06
13620 6.89712e+06
13635 6.89408e+06
13650 6.88606e+06
13665 6.88463e+06
13680 6.87804e+06
13695 6.87485e+06
13710 6.85297e+06
13725 6.82585e+06
13740 6.75696e+06
13755 6.66213e+06
13770 6.62034e+06
13785 6.62532e+06
13800 6.63468e+06
13815 6.63448e+06
13830 6.63492e+06
13845 6.62204e+06
13860 6.59314e+06
13875 6.58223e+06
13890 6.54877e+06
13905 6.53217e+06
13920 6.49441e+06
13935 6.44528e+06
13950 6.38437e+06
13965 6.36302e+06
13980 6.3396e+06
13995 6.24778e+06
14010 6.187e+06
14025 6.1846e+06
14040 6.16739e+06
14055 6.12495e+06
14070 6.08937e+06
14085 6.05735e+06
14100 6.04046e+06
14115 6.02934e+06
14130 6.03739e+06
14145 6.01874e+06
14160 5.96996e+06
14175 5.83792e+06
14190 5.73407e+06
14205 5.72499e+06
14220 5.71774e+06
14235 5.71467e+06
14250 5.70973e+06
14265 5.70376e+06
14280 5.70896e+06
14295 5.70726e+06
14310 5.69443e+06
14325 5.63312e+06
14340 5.53396e+06
14355 5.42019e+06
14370 5.39019e+06
14385 5.38159e+06
14400 5.38441e+06
14415 5.38024e+06
14430 5.38387e+06
14445 5.39037e+06
14460 5.38818e+06
14475 5.3784e+06
14490 5.29669e+06
14505 5.15118e+06
14520 4.95604e+06
14535 4.8392e+06
14550 4.81787e+06
14565 4.79628e+06
14580 4.76476e+06
14595 4.73639e+06
14610 4.71397e+06
14625 4.63527e+06
14640 4.52632e+06
14655 4.37887e+06
14670 4.289e+06
14685 4.27276e+06
14700 4.14626e+06
14715 4.00839e+06
14730 3.9459e+06
14745 3.93972e+06
14760 3.93548e+06
14775 3.94145e+06
14790 3.94431e+06
14805 3.93533e+06
14820 3.89856e+06
14835 3.86553e+06
14850 3.85072e+06
14865 3.83633e+06
14880 3.82123e+06
14895 3.81677e+06
14910 3.80786e+06
14925 3.79522e+06
14940 3.79626e+06
14955 3.79696e+06
14970 3.77782e+06
14985 3.77168e+06
15000 3.75804e+06
15015 3.74212e+06
15030 3.73776e+06
15045 3.73346e+06
15060 3.73459e+06
15075 3.73199e+06
15090 3.72068e+06
15105 3.70819e+06
15120 3.69108e+06
15135 3.67371e+06
15150 3.63017e+06
15165 3.58637e+06
15180 3.55781e+06
15195 3.55291e+06
15210 3.53838e+06
15225 3.48872e+06
15240 3.34259e+06
15255 3.10382e+06
15270 2.90078e+06
15285 2.83464e+06
15300 2.79097e+06
15315 2.79097e+06
15330 2.72922e+06
15345 2.66725e+06
15360 2.55608e+06
15375 2.43111e+06
15390 2.28381e+06
15405 2.21323e+06
15420 2.18861e+06
15435 2.15247e+06
15450 2.11194e+06
15465 2.0624e+06
15480 2.0607e+06
15495 2.03475e+06
15510 1.9966e+06
15525 1.93927e+06
15540 1.90774e+06
15555 1.88893e+06
15570 1.82893e+06
15585 1.7863e+06
15600 1.7556e+06
15615 1.74285e+06
15630 1.72551e+06
15645 1.70949e+06
15660 1.70103e+06
15675 1.68873e+06
15690 1.67708e+06
15705 1.67783e+06
15720 1.67842e+06
15735 1.68172e+06
15750 1.67557e+06
15765 1.65412e+06
15780 1.61179e+06
15795 1.55503e+06
15810 1.54296e+06
15825 1.53429e+06
15840 1.52713e+06
15855 1.45332e+06
15870 1.2965e+06
15885 1.18868e+06
15900 1.18212e+06
15915 1.17304e+06
15930 1.14668e+06
15945 1.13023e+06
15960 1.11937e+06
15975 1.10436e+06
15990 1.09048e+06
16005 1.05055e+06
16020 1.043e+06
16035 1.02893e+06
16050 953395
16065 868679
16080 831298
16095 826731
16110 799338
16125 793680
16140 789470
16155 778254
16170 773752
16185 764459
16200 759480
16215 743121
16230 734406
16245 730737
16260 723865
16275 730803
16290 735366
16305 736093
16320 733590
16335 725695
16350 732768
16365 726262
16380 723080
16395 729611
16410 732788
16425 734965
16440 726642
16455 731339
16470 720576
16485 712727
16500 703664
16515 696001
16530 690351
16545 684731
16560 691246
16575 694426
16590 695779
16605 693773
16620 689112
16635 693697
16650 686675
16665 687425
16680 690849
16695 687392
16710 692491
16725 685077
16740 692310
16755 690612
16770 687090
16785 684861
16800 677754
16815 674968
16830 676417
16845 680838
16860 676932
16875 681681
16890 684080
16905 679348
16920 675633
16935 669991
16950 665800
16965 666530
16980 667431
16995 659572
17010 654801
17025 650152
17040 642039
17055 644459
17070 643699
17085 642225
17100 639506
17115 646309
17130 646039
17145 642020
17160 646660
17175 643876
17190 642504
17205 643286
17220 643228
17235 642483
17250 634814
17265 629950
17280 621962
17295 626852
17310 625214
17325 621502
17340 624191
17355 618134
17370 624090
17385 618195
17400 619939
17415 617919
17430 614889
17445 613531
17460 613793
17475 614401
17490 607865
17505 614128
17520 608608
17535 611455
17550 610167
17565 603599
17580 608653
17595 605597
17610 605119
17625 600951
17640 602576
17655 599412
17670 600240
17685 601367
17700 596591
17715 600282
17730 600481
17745 601849
17760 597707
17775 596107
17790 598668
17805 592106
17820 598990
17835 594064
17850 594441
17865 591020
17880 589382
17895 593064
17910 594911
17925 587168
17940 586973
17955 588820
17970 581294
17985 589590
18000 581194
18015 585630
18030 581053
18045 578501
18060 580578
18075 578044
18090 575509
18105 570649
18120 580537
18135 569878
18150 573992
18165 569861
18180 573872
18195 568983
18210 565047
18225 572569
18240 560763
18255 565941
18270 563989
18285 565513
18300 559725
18315 561412
18330 562269
18345 555259
18360 559926
18375 556552
18390 558138
18405 554272
18420 554001
18435 554849
18450 551067
18465 553263
18480 549516
18495 552255
18510 548166
18525 549802
18540 546199
18555 546747
18570 550068
18585 543051
18600 549563
18615 540928
18630 538124
18645 542177
18660 540991
18675 540970
18690 535646
18705 542141
18720 534579
18735 537845
18750 540745
18765 529978
18780 536932
18795 532286
18810 536901
18825 535568
18840 531401
18855 536554
18870 527698
18885 533778
18900 530890
18915 527656
18930 529856
18945 527202
18960 528063
18975 526023
18990 524876
19005 522746
19020 525006
19035 524041
19050 521150
19065 520702
19080 516135
19095 515131
19110 515824
19125 514199
19140 519457
19155 516838
19170 512632
19185 510545
19200 513042
19215 510116
19230 510373
19245 508992
19260 505672
19275 506952
19290 504156
19305 505965
19320 507159
19335 500163
19350 499010
19365 499881
19380 498373
19395 500131
19410 497745
19425 497010
19440 493091
19455 491568
19470 493413
19485 493195
19500 488941
19515 492120
19530 491132
19545 485760
19560 487052
19575 483020
19590 485188
19605 479468
19620 481886
19635 483402
19650 477552
19665 479913
19680 479615
19695 480801
19710 475221
19725 478110
19740 476067
19755 475678
19770 472621
19785 471678
19800 479313
19815 469856
19830 471757
19845 473670
19860 467537
19875 468441
19890 467138
19905 468124
19920 463787
19935 465946
19950 463974
19965 464770
19980 461952
19995 465745
20010 468747
20025 457529
20040 461580
20055 458685
20070 459694
20085 455779
20100 453371
20115 457541
20130 451554
20145 456214
20160 455490
20175 451329
20190 454631
20205 450132
20220 451682
20235 449399
20250 446594
20265 447579
20280 449669
20295 446735
20310 445075
20325 448904
20340 441744
20355 441030
20370 446019
20385 442506
20400 440693
20415 443107
20430 441094
20445 440245
20460 438037
20475 437644
20490 435944
20505 433145
20520 439227
20535 432525
20550 433451
20565 434472
20580 430521
20595 432255
20610 429860
20625 430596
20640 428782
20655 429452
20670 429030
20685 428521
20700 426877
20715 426184
20730 428222
20745 420326
20760 422671
20775 425579
20790 418749
20805 422165
20820 421125
20835 420074
20850 417558
20865 418617
20880 420246
20895 413654
20910 417820
20925 417565
20940 413249
20955 413649
20970 412527
20985 415806
21000 411539
21015 409401
21030 412439
21045 417061
21060 406300
21075 412696
21090 410887
21105 405620
21120 411240
21135 403572
21150 407901
21165 400305
21180 404057
21195 405526
21210 399499
21225 404301
21240 399870
21255 404172
21270 401009
21285 402637
21300 401821
21315 396266
21330 401484
21345 394785
21360 392749
21375 391466
21390 391544
21405 394841
21420 389786
21435 391791
21450 389487
21465 391677
21480 388156
21495 385698
21510 391544
21525 388418
21540 388193
21555 391232
21570 389573
21585 390909
21600 394833
21615 396815
21630 400325
21645 401274
21660 404558
21675 406886
21690 406565
21705 413187
21720 415370
21735 420214
21750 423069
21765 427068
21780 428093
21795 429253
21810 432883
21825 427180
21840 428796
21855 426185
21870 427874
21885 429898
21900 426826
21915 430648
21930 428245
21945 427661
21960 431523
21975 427532
21990 430598
22005 433917
22020 429826
22035 433799
22050 432185
22065 434257
22080 431512
22095 435661
22110 436339
22125 432818
22140 443176
22155 438885
22170 446059
22185 446937
22200 451730
22215 452484
22230 446217
22245 445085
22260 442502
22275 440732
22290 439707
22305 442227
22320 449918
22335 451472
22350 453189
22365 453945
22380 451317
22395 448277
22410 439275
22425 430694
22440 423142
22455 419314
22470 412742
22485 410511
22500 411806
22515 412166
22530 418851
22545 417042
22560 426357
22575 434285
22590 429934
22605 433237
22620 425183
22635 420991
22650 421975
22665 418567
22680 422710
22695 421456
22710 425247
22725 434609
22740 432450
22755 436638
22770 431302
22785 422443
22800 414441
22815 402752
22830 399239
22845 395212
22860 400720
22875 403695
22890 409129
22905 418290
22920 421781
22935 428797
22950 423303
22965 421203
22980 410567
22995 403580
23010 402840
23025 397620
23040 397794
23055 399287
23070 401026
23085 403378
23100 402711
23115 407321
23130 406256
23145 413200
23160 415418
23175 414163
23190 420810
23205 419546
23220 418225
23235 410250
23250 405492
23265 397020
23280 387159
23295 385631
23310 380421
23325 382670
23340 388451
23355 391278
23370 393628
23385 397637
23400 402592
23415 407619
23430 414364
23445 420865
23460 428621
23475 436377
23490 438825
23505 435395
23520 434163
23535 428347
23550 424365
23565 412845
23580 406263
23595 404145
23610 400013
23625 396730
23640 387976
23655 389757
23670 387806
23685 385021
23700 387388
23715 383669
23730 380823
23745 380006
23760 380278
23775 377593
23790 373257
23805 375946
23820 375177
23835 379210
23850 376612
23865 372765
23880 375369
23895 363567
23910 364133
23925 358796
23940 353894
23955 358566
23970 353366
23985 359511
24000 361825
24015 367596
24030 373995
24045 380446
24060 388147
24075 388186
24090 389027
24105 382629
24120 379775
24135 376567
24150 371583
24165 364396
24180 363986
24195 361922
24210 356427
24225 358754
24240 351842
24255 352269
24270 347310
24285 342050
24300 344262
24315 337224
24330 337408
24345 329228
24360 324125
24375 319277
24390 312136
24405 317270
24420 314016
24435 318959
24450 320417
24465 318624
24480 320978
24495 320298
24510 322323
24525 320701
24540 324881
24555 326098
24570 326134
24585 327419
24600 328382
24615 327681
24630 324248
24645 318509
24660 308637
24675 305217
24690 301770
24705 301352
24720 307290
24735 298690
24750 302845
24765 306658
24780 305102
24795 313080
24810 306521
24825 302872
24840 295128
24855 289790
24870 286028
24885 282520
24900 285220
24915 279828
24930 284263
24945 286354
24960 291878
24975 303449
24990 308453
25005 319231
25020 321086
25035 321011
25050 317432
25065 306608
25080 299462
25095 286515
25110 284451
25125 274245
25140 273098
25155 271763
25170 269465
25185 275911
25200 274637
25215 280974
25230 284585
25245 287701
25260 286721
25275 285640
25290 280761
25305 272473
25320 271232
25335 266197
25350 270127
25365 263241
25380 262864
25395 263305
25410 261347
25425 262089
25440 256617
25455 256619
25470 253093
25485 250948
25500 251257
25515 251427
25530 256771
25545 261260
25560 263844
25575 267230
25590 267456
25605 264366
25620 264343
25635 263048
25650 255584
25665 256637
25680 251526
25695 250122
25710 254463
25725 249146
25740 255262
25755 252164
25770 251869
25785 255036
25800 242048
25815 243199
25830 239543
25845 237842
25860 237831
25875 237805
25890 239017
25905 240323
25920 251375
25935 251043
25950 256602
25965 256690
25980 251082
25995 250232
26010 241370
26025 240350
26040 237080
26055 234515
26070 235763
26085 237157
26100 241441
26115 245510
26130 253887
26145 252450
26160 253390
26175 248960
26190 241737
26205 242455
26220 230019
26235 233430
26250 228151
26265 225351
26280 228277
26295 229355
26310 234012
26325 228092
26340 231019
26355 224549
26370 227366
26385 228159
26400 223487
26415 228071
26430 225219
26445 229326
26460 225832
26475 224020
26490 225661
26505 219015
26520 223032
26535 222478
26550 219004
26565 218957
26580 220484
26595 221754
26610 218962
26625 221122
26640 218825
26655 217972
26670 220450
26685 217803
26700 218988
26715 217031
26730 216627
26745 216660
26760 214504
26775 217028
26790 216801
26805 215110
26820 214101
26835 217160
26850 214858
26865 214052
26880 215989
26895 212306
26910 212806
26925 213734
26940 211207
26955 210960
26970 211222
26985 212230
27000 211933
27015 211712
27030 211713
27045 208925
27060 209516
27075 211385
27090 208454
27105 209458
27120 208721
27135 208097
27150 210409
27165 206821
27180 209133
27195 209398
27210 205416
27225 206500
27240 206503
27255 205979
27270 204376
27285 207491
27300 205188
27315 205884
27330 208642
27345 206359
27360 209299
27375 207427
27390 209572
27405 210805
27420 208018
27435 208639
27450 205016
27465 203646
27480 203097
27495 204465
27510 204774
27525 203843
27540 203219
27555 203778
27570 206857
27585 201834
27600 203239
27615 199989
27630 198361
27645 201990
27660 198559
27675 200746
27690 198922
27705 199831
27720 199581
27735 196388
27750 198568
27765 195061
27780 198281
27795 197248
27810 197566
27825 197461
27840 197102
27855 198401
27870 197012
27885 198394
27900 195200
27915 195611
27930 193244
27945 193275
27960 193812
27975 191259
27990 198216
28005 191207
28020 192163
28035 195939
28050 192768
28065 194937
28080 191646
28095 192691
28110 191474
28125 191788
28140 190783
28155 189094
28170 192478
28185 189385
28200 191237
28215 189449
28230 192624
28245 188695
28260 185654
28275 192837
28290 185762
28305 187331
28320 187484
28335 184091
28350 188474
28365 187933
28380 186709
28395 188128
28410 185480
28425 185005
28440 188438
28455 188256
28470 185240
28485 185867
28500 184855
28515 185547
28530 185671
28545 183434
28560 183897
28575 186105
28590 183424
28605 183960
28620 185000
28635 182795
28650 183713
28665 181578
28680 182710
28695 183330
28710 180672
28725 184794
28740 183113
28755 180199
28770 183376
28785 181665
28800 183435
28815 183231
28830 181931
28845 181892
28860 184061
28875 182327
28890 182360
28905 181838
28920 179100
28935 181321
28950 180286
28965 181931
28980 180230
28995 178227
29010 180564
29025 177179
29040 178814
29055 177894
29070 175010
29085 178370
29100 177481
29115 175687
29130 177397
29145 176814
29160 177934
29175 175654
29190 174420
29205 176293
29220 177551
29235 176561
29250 175319
29265 174774
29280 176721
29295 177325
29310 175825
29325 174919
29340 174618
29355 176973
29370 173324
29385 176198
29400 176161
29415 171521
29430 177408
29445 171581
29460 174489
29475 177177
29490 169998
29505 176162
29520 172366
29535 172689
29550 175315
29565 168561
29580 172270
29595 172881
29610 171120
29625 174024
29640 170337
29655 169107
29670 169060
29685 168777
29700 169464
29715 167993
29730 167820
29745 168154
29760 169414
29775 170156
29790 169006
29805 172514
29820 173550
29835 172556
29850 177473
29865 177319
29880 178714
29895 182356
29910 182431
29925 187292
29940 191351
29955 191841
29970 198744
29985 203495
30000 201745
30015 205520
30030 211786
30045 208954
30060 210846
30075 218272
30090 214052
30105 218324
30120 222820
30135 219845
30150 226214
30165 228942
30180 226947
30195 232164
30210 233823
30225 236482
30240 235674
30255 235823
30270 242657
30285 241248
30300 248943
30315 257571
30330 257800
30345 264260
30360 265557
30375 263474
30390 266114
30405 264158
30420 267209
30435 270466
30450 274466
30465 284448
30480 286560
30495 286778
30510 288723
30525 286036
30540 285689
30555 282734
30570 276146
30585 276938
30600 273627
30615 267396
30630 265812
30645 266607
30660 268103
30675 272969
30690 283046
30705 290683
30720 296379
30735 299221
30750 295448
30765 296434
30780 293244
30795 287469
30810 289390
30825 288615
30840 286214
30855 290078
30870 291551
30885 289167
30900 293963
30915 298123
30930 297813
30945 302281
30960 302928
30975 294597
30990 289940
31005 283849
31020 282048
31035 285806
31050 291692
31065 301291
31080 308350
31095 312921
31110 314487
31125 307260
31140 301019
31155 298051
31170 295641
31185 297670
31200 299897
31215 302395
31230 304047
31245 300360
31260 295692
31275 290300
31290 288313
31305 288568
31320 290173
31335 297191
31350 300529
31365 306864
31380 312486
31395 311293
31410 312397
31425 313777
31440 316288
31455 322602
31470 326484
31485 334074
31500 336513
31515 336131
31530 337153
31545 329250
31560 323989
31575 317080
31590 312675
31605 313125
31620 310056
31635 314569
31650 317538
31665 317632
31680 321547
31695 320690
31710 322657
31725 325130
31740 326998
31755 332058
31770 335943
31785 340289
31800 347405
31815 350628
31830 352456
31845 349913
31860 343871
31875 337430
31890 332381
31905 331156
31920 327932
31935 329440
31950 337086
31965 339816
