0 3.88319e+07
31 3.88319e+07
62 3.88319e+07
93 3.88319e+07
124 3.88319e+07
155 3.88319e+07
186 3.88319e+07
217 3.88319e+07
248 3.88319e+07
279 3.88319e+07
310 3.88319e+07
341 3.88319e+07
372 3.88319e+07
403 3.88319e+07
434 3.88319e+07
465 3.88319e+07
496 3.88319e+07
527 3.88319e+07
558 3.88319e+07
589 3.88319e+07
620 3.88319e+07
651 3.88319e+07
682 3.88319e+07
713 3.88319e+07
744 3.88319e+07
775 3.88319e+07
806 3.88319e+07
837 3.88319e+07
868 3.88319e+07
899 3.88319e+07
930 3.88319e+07
961 3.88319e+07
992 3.88319e+07
1023 3.88319e+07
1054 3.88319e+07
1085 3.88319e+07
1116 3.88319e+07
1147 3.88319e+07
1178 3.88319e+07
1209 3.88319e+07
1240 3.88319e+07
1271 3.88319e+07
1302 3.88319e+07
1333 3.88319e+07
1364 3.88319e+07
1395 3.88319e+07
1426 3.88319e+07
1457 3.88319e+07
1488 3.88319e+07
1519 3.88319e+07
1550 3.88319e+07
1581 3.88319e+07
1612 3.88319e+07
1643 3.88319e+07
1674 3.88319e+07
1705 3.88319e+07
1736 3.88319e+07
1767 3.88319e+07
1798 3.88319e+07
1829 3.88319e+07
1860 3.88319e+07
1891 3.88319e+07
1922 3.88319e+07
1953 3.88319e+07
1984 3.88319e+07
2015 3.88319e+07
2046 3.88319e+07
2077 3.88319e+07
2108 3.88319e+07
2139 3.88319e+07
2170 3.88319e+07
2201 3.88319e+07
2232 3.88319e+07
2263 3.88319e+07
2294 3.88319e+07
2325 3.88319e+07
2356 3.88319e+07
2387 3.88319e+07
2418 3.88319e+07
2449 3.88319e+07
2480 3.88319e+07
2511 3.88319e+07
2542 3.88319e+07
2573 3.88319e+07
2604 3.88319e+07
2635 3.88319e+07
2666 3.88319e+07
2697 3.88319e+07
2728 3.88319e+07
2759 3.88319e+07
2790 3.88319e+07
2821 3.88319e+07
2852 3.88319e+07
2883 3.88319e+07
2914 3.88319e+07
2945 3.88319e+07
2976 3.88319e+07
3007 3.88319e+07
3038 3.88319e+07
3069 3.88319e+07
3100 3.88319e+07
3131 3.88319e+07
3162 3.88319e+07
3193 3.88319e+07
3224 3.88319e+07
3255 3.88319e+07
3286 3.88319e+07
3317 3.88319e+07
3348 3.88319e+07
3379 3.88319e+07
3410 3.88319e+07
3441 3.88319e+07
3472 3.88319e+07
3503 3.88319e+07
3534 3.88319e+07
3565 3.88319e+07
3596 3.88319e+07
3627 3.88319e+07
3658 3.88319e+07
3689 3.88319e+07
3720 3.88318e+07
3751 3.88316e+07
3782 3.88308e+07
3813 3.88293e+07
3844 3.88269e+07
3875 3.88237e+07
3906 3.88189e+07
3937 3.88122e+07
3968 3.88035e+07
3999 3.87922e+07
4030 3.87762e+07
4061 3.87527e+07
4092 3.87203e+07
4123 3.86808e+07
4154 3.8639e+07
4185 3.85987e+07
4216 3.85561e+07
4247 3.85112e+07
4278 3.8467e+07
4309 3.84277e+07
4340 3.83943e+07
4371 3.83611e+07
4402 3.83171e+07
4433 3.82579e+07
4464 3.81836e+07
4495 3.80864e+07
4526 3.79578e+07
4557 3.77887e+07
4588 3.75655e+07
4619 3.72753e+07
4650 3.69083e+07
4681 3.64384e+07
4712 3.58544e+07
4743 3.52359e+07
4774 3.46519e+07
4805 3.40883e+07
4836 3.35346e+07
4867 3.30263e+07
4898 3.25709e+07
4929 3.2149e+07
4960 3.17724e+07
4991 3.14606e+07
5022 3.12044e+07
5053 3.09969e+07
5084 3.083e+07
5115 3.06765e+07
5146 3.05129e+07
5177 3.03392e+07
5208 3.01566e+07
5239 2.99431e+07
5270 2.96802e+07
5301 2.93931e+07
5332 2.91283e+07
5363 2.89225e+07
5394 2.8781e+07
5425 2.87003e+07
5456 2.86871e+07
5487 2.87384e+07
5518 2.88272e+07
5549 2.8916e+07
5580 2.89723e+07
5611 2.89749e+07
5642 2.89212e+07
5673 2.88146e+07
5704 2.86831e+07
5735 2.85805e+07
5766 2.85417e+07
5797 2.85676e+07
5828 2.85782e+07
5859 2.84927e+07
5890 2.81466e+07
5921 2.75974e+07
5952 2.69447e+07
5983 2.62124e+07
6014 2.54971e+07
6045 2.48698e+07
6076 2.43506e+07
6107 2.39156e+07
6138 2.35361e+07
6169 2.31824e+07
6200 2.28004e+07
6231 2.24712e+07
6262 2.21728e+07
6293 2.18081e+07
6324 2.13867e+07
6355 2.10093e+07
6386 2.06953e+07
6417 2.04294e+07
6448 2.0244e+07
6479 2.01463e+07
6510 2.01201e+07
6541 2.01493e+07
6572 2.01938e+07
6603 2.01972e+07
6634 2.00955e+07
6665 1.99903e+07
6696 1.99036e+07
6727 1.97998e+07
6758 1.97433e+07
6789 1.9764e+07
6820 1.98434e+07
6851 1.99439e+07
6882 2.00377e+07
6913 2.01232e+07
6944 2.01897e+07
6975 2.02758e+07
7006 2.03652e+07
7037 2.03975e+07
7068 2.03562e+07
7099 2.02985e+07
7130 2.02444e+07
7161 2.01361e+07
7192 2.00082e+07
7223 1.9885e+07
7254 1.98031e+07
7285 1.97446e+07
7316 1.97238e+07
7347 1.97647e+07
7378 1.98252e+07
7409 1.98741e+07
7440 1.99001e+07
7471 1.99476e+07
7502 2.00514e+07
7533 2.02291e+07
7564 2.04459e+07
7595 2.05704e+07
7626 2.04403e+07
7657 2.02313e+07
7688 2.00607e+07
7719 1.9989e+07
7750 2.00586e+07
7781 2.03165e+07
7812 2.0741e+07
7843 2.10577e+07
7874 2.11289e+07
7905 2.11054e+07
7936 2.09705e+07
7967 2.07953e+07
7998 2.0615e+07
8029 2.04704e+07
8060 2.03341e+07
8091 2.02198e+07
8122 2.01601e+07
8153 2.01459e+07
8184 2.01379e+07
8215 2.01752e+07
8246 2.0162e+07
8277 1.9978e+07
8308 1.97491e+07
8339 1.95778e+07
8370 1.95411e+07
8401 1.95742e+07
8432 1.95982e+07
8463 1.96214e+07
8494 1.96756e+07
8525 1.97362e+07
8556 1.98158e+07
8587 1.98933e+07
8618 1.9994e+07
8649 2.01229e+07
8680 2.02444e+07
8711 2.03127e+07
8742 2.03329e+07
8773 2.02828e+07
8804 2.02207e+07
8835 2.02048e+07
8866 2.02404e+07
8897 2.03582e+07
8928 2.0544e+07
8959 2.07146e+07
8990 2.08645e+07
9021 2.097e+07
9052 2.10204e+07
9083 2.10728e+07
9114 2.11482e+07
9145 2.12331e+07
9176 2.13126e+07
9207 2.13581e+07
9238 2.13738e+07
9269 2.13656e+07
9300 2.13589e+07
9331 2.13765e+07
9362 2.14252e+07
9393 2.15055e+07
9424 2.16063e+07
9455 2.17212e+07
9486 2.18361e+07
9517 2.19488e+07
9548 2.20293e+07
9579 2.20811e+07
9610 2.21234e+07
9641 2.21719e+07
9672 2.21932e+07
9703 2.21653e+07
9734 2.21124e+07
9765 2.20563e+07
9796 2.20146e+07
9827 2.19735e+07
9858 2.19208e+07
9889 2.18747e+07
9920 2.18348e+07
9951 2.18022e+07
9982 2.17809e+07
10013 2.177e+07
10044 2.17462e+07
10075 2.17153e+07
10106 2.17093e+07
10137 2.17253e+07
10168 2.17496e+07
10199 2.17735e+07
10230 2.1783e+07
10261 2.17801e+07
10292 2.17611e+07
10323 2.17467e+07
10354 2.17596e+07
10385 2.17806e+07
10416 2.17928e+07
10447 2.18216e+07
10478 2.18365e+07
10509 2.18347e+07
10540 2.18273e+07
10571 2.18165e+07
10602 2.18174e+07
10633 2.18294e+07
10664 2.18239e+07
10695 2.18074e+07
10726 2.17754e+07
10757 2.17111e+07
10788 2.16253e+07
10819 2.15434e+07
10850 2.14747e+07
10881 2.14053e+07
10912 2.13315e+07
10943 2.12448e+07
10974 2.11705e+07
11005 2.11231e+07
11036 2.11058e+07
11067 2.10998e+07
11098 2.10794e+07
11129 2.10468e+07
11160 2.10125e+07
11191 2.0985e+07
11222 2.09664e+07
11253 2.09517e+07
11284 2.09414e+07
11315 2.09321e+07
11346 2.09158e+07
11377 2.08844e+07
11408 2.08466e+07
11439 2.08304e+07
11470 2.0826e+07
11501 2.08252e+07
11532 2.08314e+07
11563 2.08305e+07
11594 2.08169e+07
11625 2.07994e+07
11656 2.07869e+07
11687 2.07828e+07
11718 2.07917e+07
11749 2.08046e+07
11780 2.08189e+07
11811 2.08246e+07
11842 2.08303e+07
11873 2.08472e+07
11904 2.0865e+07
11935 2.08515e+07
11966 2.08113e+07
11997 2.07714e+07
12028 2.07495e+07
12059 2.07424e+07
12090 2.0744e+07
12121 2.07592e+07
12152 2.07858e+07
12183 2.08174e+07
12214 2.08377e+07
12245 2.08346e+07
12276 2.08309e+07
12307 2.08292e+07
12338 2.08153e+07
12369 2.07984e+07
12400 2.07888e+07
12431 2.07814e+07
12462 2.07816e+07
12493 2.07846e+07
12524 2.07549e+07
12555 2.06868e+07
12586 2.05937e+07
12617 2.0485e+07
12648 2.03826e+07
12679 2.03032e+07
12710 2.02333e+07
12741 2.01467e+07
12772 2.00375e+07
12803 1.99027e+07
12834 1.97385e+07
12865 1.95609e+07
12896 1.93685e+07
12927 1.91625e+07
12958 1.8947e+07
12989 1.87239e+07
13020 1.84543e+07
13051 1.75438e+07
13082 1.73901e+07
13113 1.74269e+07
13144 1.74711e+07
13175 1.74984e+07
13206 1.74939e+07
13237 1.74651e+07
13268 1.74162e+07
13299 1.73485e+07
13330 1.72607e+07
13361 1.71502e+07
13392 1.70171e+07
13423 1.68614e+07
13454 1.6675e+07
13485 1.64741e+07
13516 1.62671e+07
13547 1.60655e+07
13578 1.58698e+07
13609 1.56741e+07
13640 1.54661e+07
13671 1.52361e+07
13702 1.49783e+07
13733 1.4689e+07
13764 1.43785e+07
13795 1.40715e+07
13826 1.37706e+07
13857 1.33997e+07
13888 1.2984e+07
13919 1.28121e+07
13950 1.26875e+07
13981 1.26273e+07
14012 1.25505e+07
14043 1.24653e+07
14074 1.2371e+07
14105 1.2231e+07
14136 1.21056e+07
14167 1.19706e+07
14198 1.18131e+07
14229 1.16494e+07
14260 1.14717e+07
14291 1.12787e+07
14322 1.11373e+07
14353 1.10084e+07
14384 1.08682e+07
14415 1.07171e+07
14446 1.05374e+07
14477 1.03375e+07
14508 1.01694e+07
14539 1.00927e+07
14570 1.00149e+07
14601 9.92561e+06
14632 9.81506e+06
14663 9.67949e+06
14694 9.42367e+06
14725 9.02448e+06
14756 8.85604e+06
14787 8.74655e+06
14818 8.64393e+06
14849 8.53273e+06
14880 8.44946e+06
14911 8.3856e+06
14942 8.3432e+06
14973 8.2913e+06
15004 8.23092e+06
15035 8.15553e+06
15066 8.06961e+06
15097 7.96275e+06
15128 7.84766e+06
15159 7.74698e+06
15190 7.64449e+06
15221 7.54597e+06
15252 7.45527e+06
15283 7.32818e+06
15314 7.1433e+06
15345 6.7887e+06
15376 6.54557e+06
15407 6.48847e+06
15438 6.43504e+06
15469 6.38391e+06
15500 6.32943e+06
15531 6.28668e+06
15562 6.26678e+06
15593 6.25997e+06
15624 6.25129e+06
15655 6.23969e+06
15686 6.22092e+06
15717 6.19524e+06
15748 6.17106e+06
15779 6.11067e+06
15810 6.01712e+06
15841 5.88786e+06
15872 5.7423e+06
15903 5.5949e+06
15934 5.49883e+06
15965 5.41937e+06
15996 5.36127e+06
16027 5.34535e+06
16058 5.32364e+06
16089 5.29424e+06
16120 5.25905e+06
16151 5.19372e+06
16182 5.094e+06
16213 4.98698e+06
16244 4.84751e+06
16275 4.74024e+06
16306 4.68549e+06
16337 4.62619e+06
16368 4.5564e+06
16399 4.47054e+06
16430 4.40837e+06
16461 4.35298e+06
16492 4.2906e+06
16523 4.23091e+06
16554 4.18272e+06
16585 4.14605e+06
16616 4.12379e+06
16647 4.12575e+06
16678 4.15896e+06
16709 4.21024e+06
16740 4.24688e+06
16771 4.25981e+06
16802 4.26104e+06
16833 4.23572e+06
16864 4.19177e+06
16895 4.13758e+06
16926 4.07585e+06
16957 4.01417e+06
16988 3.96043e+06
17019 3.90385e+06
17050 3.84663e+06
17081 3.78654e+06
17112 3.73062e+06
17143 3.68531e+06
17174 3.6526e+06
17205 3.62445e+06
17236 3.59715e+06
17267 3.56697e+06
17298 3.52027e+06
17329 3.47121e+06
17360 3.42149e+06
17391 3.37498e+06
17422 3.34059e+06
17453 3.30538e+06
17484 3.2879e+06
17515 3.2625e+06
17546 3.20817e+06
17577 3.1501e+06
17608 3.09971e+06
17639 3.07945e+06
17670 3.06954e+06
17701 3.06839e+06
17732 3.08053e+06
17763 3.09179e+06
17794 3.10103e+06
17825 3.10775e+06
17856 3.11126e+06
17887 3.11204e+06
17918 3.09807e+06
17949 3.07425e+06
17980 3.04484e+06
18011 3.01852e+06
18042 2.98323e+06
18073 2.95245e+06
18104 2.92993e+06
18135 2.91379e+06
18166 2.88961e+06
18197 2.8766e+06
18228 2.86566e+06
18259 2.85372e+06
18290 2.84289e+06
18321 2.8236e+06
18352 2.81557e+06
18383 2.81558e+06
18414 2.80993e+06
18445 2.79262e+06
18476 2.77305e+06
18507 2.76758e+06
18538 2.7717e+06
18569 2.7769e+06
18600 2.77703e+06
18631 2.77463e+06
18662 2.76302e+06
18693 2.75816e+06
18724 2.75267e+06
18755 2.75884e+06
18786 2.77018e+06
18817 2.78481e+06
18848 2.80064e+06
18879 2.81039e+06
18910 2.83237e+06
18941 2.86204e+06
18972 2.89562e+06
19003 2.93446e+06
19034 2.97023e+06
19065 2.98949e+06
19096 2.99821e+06
19127 3.00319e+06
19158 3.00507e+06
19189 3.00137e+06
19220 2.99598e+06
19251 2.98876e+06
19282 2.97711e+06
19313 2.96367e+06
19344 2.95294e+06
19375 2.94108e+06
19406 2.93507e+06
19437 2.93002e+06
19468 2.92758e+06
19499 2.92949e+06
19530 2.93638e+06
19561 2.94638e+06
19592 2.95537e+06
19623 2.96188e+06
19654 2.97865e+06
19685 2.99849e+06
19716 3.00981e+06
19747 3.00537e+06
19778 2.99351e+06
19809 2.97473e+06
19840 2.95673e+06
19871 2.94117e+06
19902 2.93038e+06
19933 2.92394e+06
19964 2.91666e+06
19995 2.91091e+06
20026 2.91088e+06
20057 2.92047e+06
20088 2.93719e+06
20119 2.95892e+06
20150 2.98298e+06
20181 3.00159e+06
20212 3.01268e+06
20243 3.01848e+06
20274 3.02716e+06
20305 3.03599e+06
20336 3.0423e+06
20367 3.04781e+06
20398 3.05713e+06
20429 3.07693e+06
20460 3.10059e+06
20491 3.11531e+06
20522 3.11524e+06
20553 3.09956e+06
20584 3.0844e+06
20615 3.07902e+06
20646 3.08439e+06
20677 3.09707e+06
20708 3.10976e+06
20739 3.12253e+06
20770 3.13906e+06
20801 3.1585e+06
20832 3.17606e+06
20863 3.19046e+06
20894 3.19745e+06
20925 3.19272e+06
20956 3.18197e+06
20987 3.16479e+06
21018 3.14557e+06
21049 3.12616e+06
21080 3.10653e+06
21111 3.08949e+06
21142 3.07423e+06
21173 3.0606e+06
21204 3.04952e+06
21235 3.04032e+06
21266 3.0315e+06
21297 3.02328e+06
21328 3.01571e+06
21359 3.01291e+06
21390 3.01433e+06
21421 3.01846e+06
21452 3.0281e+06
21483 3.04267e+06
21514 3.05785e+06
21545 3.07042e+06
21576 3.07946e+06
21607 3.08613e+06
21638 3.08796e+06
21669 3.08573e+06
21700 3.08024e+06
21731 3.07851e+06
21762 3.08559e+06
21793 3.10198e+06
21824 3.12432e+06
21855 3.14629e+06
21886 3.16771e+06
21917 3.184e+06
21948 3.1956e+06
21979 3.20576e+06
22010 3.21478e+06
22041 3.22098e+06
22072 3.22183e+06
22103 3.21612e+06
22134 3.20892e+06
22165 3.20447e+06
22196 3.20407e+06
22227 3.20328e+06
22258 3.19952e+06
22289 3.19086e+06
22320 3.17583e+06
22351 3.15234e+06
22382 3.12287e+06
22413 3.08916e+06
22444 3.05295e+06
22475 3.01927e+06
22506 2.98956e+06
22537 2.96543e+06
22568 2.94799e+06
22599 2.93784e+06
22630 2.93554e+06
22661 2.93666e+06
22692 2.93681e+06
22723 2.93694e+06
22754 2.93682e+06
22785 2.93165e+06
22816 2.92094e+06
22847 2.9077e+06
22878 2.89718e+06
22909 2.88922e+06
22940 2.88581e+06
22971 2.88716e+06
23002 2.88922e+06
23033 2.89474e+06
23064 2.90036e+06
23095 2.9035e+06
23126 2.90683e+06
23157 2.9095e+06
23188 2.91507e+06
23219 2.92262e+06
23250 2.92717e+06
23281 2.92843e+06
23312 2.92679e+06
23343 2.92393e+06
23374 2.91961e+06
23405 2.90973e+06
23436 2.89517e+06
23467 2.87773e+06
23498 2.86099e+06
23529 2.85132e+06
23560 2.84592e+06
23591 2.84176e+06
23622 2.83592e+06
23653 2.82843e+06
23684 2.8276e+06
23715 2.83531e+06
23746 2.84911e+06
23777 2.86617e+06
23808 2.88557e+06
23839 2.90131e+06
23870 2.9108e+06
23901 2.91674e+06
23932 2.92104e+06
23963 2.92759e+06
23994 2.93823e+06
24025 2.95394e+06
24056 2.97414e+06
24087 2.99827e+06
24118 3.02276e+06
24149 3.04268e+06
24180 3.0524e+06
24211 3.05256e+06
24242 3.04761e+06
24273 3.0455e+06
24304 3.04896e+06
24335 3.05592e+06
24366 3.06654e+06
24397 3.07912e+06
24428 3.08807e+06
24459 3.09037e+06
24490 3.08579e+06
24521 3.07452e+06
24552 3.05758e+06
24583 3.04001e+06
24614 3.02274e+06
24645 3.009e+06
24676 2.99863e+06
24707 2.98996e+06
24738 2.98033e+06
24769 2.97042e+06
24800 2.96419e+06
24831 2.9633e+06
24862 2.96602e+06
24893 2.96438e+06
24924 2.95838e+06
24955 2.94854e+06
24986 2.93649e+06
25017 2.92222e+06
25048 2.9042e+06
25079 2.88467e+06
25110 2.86811e+06
25141 2.85577e+06
25172 2.84515e+06
25203 2.83802e+06
25234 2.83478e+06
25265 2.83617e+06
25296 2.84081e+06
25327 2.84672e+06
25358 2.85019e+06
25389 2.85274e+06
25420 2.85663e+06
25451 2.8602e+06
25482 2.8605e+06
25513 2.85783e+06
25544 2.85303e+06
25575 2.84823e+06
25606 2.84388e+06
25637 2.83637e+06
25668 2.81957e+06
25699 2.79478e+06
25730 2.76691e+06
25761 2.74231e+06
25792 2.72283e+06
25823 2.70754e+06
25854 2.69463e+06
25885 2.68267e+06
25916 2.67146e+06
25947 2.66097e+06
25978 2.65202e+06
26009 2.6418e+06
26040 2.62926e+06
26071 2.61653e+06
26102 2.60486e+06
26133 2.59564e+06
26164 2.59104e+06
26195 2.59204e+06
26226 2.59881e+06
26257 2.6102e+06
26288 2.62163e+06
26319 2.63014e+06
26350 2.63863e+06
26381 2.64854e+06
26412 2.65901e+06
26443 2.67158e+06
26474 2.68473e+06
26505 2.69911e+06
26536 2.71682e+06
26567 2.73933e+06
26598 2.76212e+06
26629 2.78061e+06
26660 2.795e+06
26691 2.80674e+06
26722 2.81652e+06
26753 2.82466e+06
26784 2.83095e+06
26815 2.83574e+06
26846 2.83698e+06
26877 2.8376e+06
26908 2.84307e+06
26939 2.85219e+06
26970 2.86402e+06
27001 2.87832e+06
27032 2.89398e+06
27063 2.90802e+06
27094 2.91867e+06
27125 2.92673e+06
27156 2.93478e+06
27187 2.94246e+06
27218 2.94953e+06
27249 2.95603e+06
27280 2.96323e+06
27311 2.97494e+06
27342 2.99085e+06
27373 3.0096e+06
27404 3.02738e+06
27435 3.04173e+06
27466 3.05308e+06
27497 3.06237e+06
27528 3.07052e+06
27559 3.08087e+06
27590 3.09652e+06
27621 3.11716e+06
27652 3.14358e+06
27683 3.17642e+06
27714 3.21358e+06
27745 3.25105e+06
27776 3.28589e+06
27807 3.31584e+06
27838 3.33899e+06
27869 3.35221e+06
27900 3.35956e+06
27931 3.36302e+06
27962 3.36265e+06
27993 3.35479e+06
28024 3.34382e+06
28055 3.33048e+06
28086 3.31498e+06
28117 3.29736e+06
28148 3.27807e+06
28179 3.25728e+06
28210 3.23267e+06
28241 3.20887e+06
28272 3.1878e+06
28303 3.16982e+06
28334 3.15306e+06
28365 3.13428e+06
28396 3.11485e+06
28427 3.09503e+06
28458 3.07483e+06
28489 3.04937e+06
28520 3.01783e+06
28551 2.98344e+06
28582 2.94428e+06
28613 2.9022e+06
28644 2.86169e+06
28675 2.82458e+06
28706 2.7923e+06
28737 2.76443e+06
28768 2.74147e+06
28799 2.7224e+06
28830 2.70671e+06
28861 2.69378e+06
28892 2.68026e+06
28923 2.66617e+06
28954 2.6512e+06
28985 2.63726e+06
29016 2.62674e+06
29047 2.61808e+06
29078 2.61071e+06
29109 2.60187e+06
29140 2.59101e+06
29171 2.57775e+06
29202 2.56156e+06
29233 2.54491e+06
29264 2.52621e+06
29295 2.50283e+06
29326 2.47902e+06
29357 2.45662e+06
29388 2.43472e+06
29419 2.4143e+06
29450 2.3966e+06
29481 2.38251e+06
29512 2.37475e+06
29543 2.37231e+06
29574 2.37393e+06
29605 2.3813e+06
29636 2.39215e+06
29667 2.40377e+06
29698 2.41614e+06
29729 2.42984e+06
29760 2.44457e+06
29791 2.45901e+06
29822 2.47463e+06
29853 2.49235e+06
29884 2.51437e+06
29915 2.54076e+06
29946 2.57066e+06
29977 2.59718e+06
30008 2.61485e+06
30039 2.62214e+06
30070 2.62119e+06
30101 2.61453e+06
30132 2.60398e+06
30163 2.59006e+06
30194 2.57794e+06
30225 2.56932e+06
30256 2.56405e+06
30287 2.56016e+06
30318 2.55691e+06
30349 2.55444e+06
30380 2.55019e+06
30411 2.54105e+06
30442 2.52958e+06
30473 2.51818e+06
30504 2.50656e+06
30535 2.49414e+06
30566 2.48166e+06
30597 2.47106e+06
30628 2.46263e+06
30659 2.45593e+06
30690 2.44999e+06
30721 2.44473e+06
30752 2.4398e+06
30783 2.43478e+06
30814 2.42985e+06
30845 2.42615e+06
30876 2.42478e+06
30907 2.42432e+06
30938 2.42529e+06
30969 2.42852e+06
31000 2.43423e+06
31031 2.44214e+06
31062 2.45038e+06
31093 2.45675e+06
31124 2.46127e+06
31155 2.46506e+06
31186 2.4692e+06
31217 2.4753e+06
31248 2.4804e+06
31279 2.48477e+06
31310 2.49182e+06
31341 2.5017e+06
31372 2.51415e+06
31403 2.52599e+06
31434 2.53739e+06
31465 2.54664e+06
31496 2.55296e+06
31527 2.55329e+06
31558 2.5427e+06
31589 2.52445e+06
31620 2.49969e+06
31651 2.46802e+06
31682 2.43193e+06
31713 2.39467e+06
31744 2.3592e+06
31775 2.32548e+06
31806 2.29199e+06
31837 2.26011e+06
31868 2.22912e+06
31899 2.19899e+06
31930 2.1699e+06
31961 2.14225e+06
