0 3.88319e+07
31 3.88319e+07
62 3.88319e+07
93 3.88319e+07
124 3.88319e+07
155 3.88319e+07
186 3.88319e+07
217 3.88319e+07
248 3.88319e+07
279 3.88319e+07
310 3.88319e+07
341 3.88319e+07
372 3.88319e+07
403 3.88319e+07
434 3.88319e+07
465 3.88319e+07
496 3.88319e+07
527 3.88319e+07
558 3.88319e+07
589 3.88319e+07
620 3.88319e+07
651 3.88319e+07
682 3.88319e+07
713 3.88319e+07
744 3.88319e+07
775 3.88319e+07
806 3.88319e+07
837 3.88319e+07
868 3.88319e+07
899 3.88319e+07
930 3.88319e+07
961 3.88319e+07
992 3.88319e+07
1023 3.88319e+07
1054 3.88319e+07
1085 3.88319e+07
1116 3.88319e+07
1147 3.88319e+07
1178 3.88319e+07
1209 3.88319e+07
1240 3.88319e+07
1271 3.88319e+07
1302 3.88319e+07
1333 3.88319e+07
1364 3.88319e+07
1395 3.88319e+07
1426 3.88319e+07
1457 3.88319e+07
1488 3.88319e+07
1519 3.88319e+07
1550 3.88319e+07
1581 3.88319e+07
1612 3.88319e+07
1643 3.88319e+07
1674 3.88319e+07
1705 3.88319e+07
1736 3.88319e+07
1767 3.88319e+07
1798 3.88319e+07
1829 3.88319e+07
1860 3.88319e+07
1891 3.88319e+07
1922 3.88319e+07
1953 3.88319e+07
1984 3.88319e+07
2015 3.88319e+07
2046 3.88319e+07
2077 3.88319e+07
2108 3.88319e+07
2139 3.88319e+07
2170 3.88319e+07
2201 3.88319e+07
2232 3.88319e+07
2263 3.88319e+07
2294 3.88319e+07
2325 3.88319e+07
2356 3.88319e+07
2387 3.88319e+07
2418 3.88319e+07
2449 3.88319e+07
2480 3.88319e+07
2511 3.88319e+07
2542 3.88319e+07
2573 3.88319e+07
2604 3.88319e+07
2635 3.88319e+07
2666 3.88319e+07
2697 3.88319e+07
2728 3.88319e+07
2759 3.88319e+07
2790 3.88319e+07
2821 3.88319e+07
2852 3.88319e+07
2883 3.88319e+07
2914 3.88319e+07
2945 3.88319e+07
2976 3.88319e+07
3007 3.88319e+07
3038 3.88319e+07
3069 3.88319e+07
3100 3.88319e+07
3131 3.88319e+07
3162 3.88319e+07
3193 3.88319e+07
3224 3.88319e+07
3255 3.88319e+07
3286 3.88319e+07
3317 3.88319e+07
3348 3.88319e+07
3379 3.88319e+07
3410 3.88319e+07
3441 3.88319e+07
3472 3.88319e+07
3503 3.88319e+07
3534 3.88319e+07
3565 3.88319e+07
3596 3.88319e+07
3627 3.88319e+07
3658 3.88319e+07
3689 3.88319e+07
3720 3.88318e+07
3751 3.88316e+07
3782 3.88308e+07
3813 3.88287e+07
3844 3.88247e+07
3875 3.88177e+07
3906 3.88077e+07
3937 3.87927e+07
3968 3.87721e+07
3999 3.87422e+07
4030 3.86973e+07
4061 3.86514e+07
4092 3.86046e+07
4123 3.85611e+07
4154 3.85246e+07
4185 3.84777e+07
4216 3.84258e+07
4247 3.83809e+07
4278 3.8344e+07
4309 3.83215e+07
4340 3.8313e+07
4371 3.83063e+07
4402 3.8285e+07
4433 3.82502e+07
4464 3.82181e+07
4495 3.81946e+07
4526 3.8185e+07
4557 3.81847e+07
4588 3.82056e+07
4619 3.82452e+07
4650 3.82371e+07
4681 3.8153e+07
4712 3.8064e+07
4743 3.79925e+07
4774 3.79137e+07
4805 3.7824e+07
4836 3.77488e+07
4867 3.76686e+07
4898 3.74879e+07
4929 3.72874e+07
4960 3.71413e+07
4991 3.70537e+07
5022 3.70412e+07
5053 3.7084e+07
5084 3.71143e+07
5115 3.71344e+07
5146 3.71837e+07
5177 3.72434e+07
5208 3.73171e+07
5239 3.7399e+07
5270 3.74498e+07
5301 3.75067e+07
5332 3.75918e+07
5363 3.76595e+07
5394 3.77035e+07
5425 3.77501e+07
5456 3.78067e+07
5487 3.7842e+07
5518 3.78563e+07
5549 3.78841e+07
5580 3.79045e+07
5611 3.79018e+07
5642 3.79134e+07
5673 3.79309e+07
5704 3.79372e+07
5735 3.79453e+07
5766 3.79491e+07
5797 3.79467e+07
5828 3.79487e+07
5859 3.79445e+07
5890 3.79421e+07
5921 3.79351e+07
5952 3.7924e+07
5983 3.79107e+07
6014 3.78953e+07
6045 3.7881e+07
6076 3.78659e+07
6107 3.78501e+07
6138 3.78331e+07
6169 3.78155e+07
6200 3.77967e+07
6231 3.77793e+07
6262 3.77635e+07
6293 3.77484e+07
6324 3.77337e+07
6355 3.77206e+07
6386 3.77082e+07
6417 3.76961e+07
6448 3.76842e+07
6479 3.76737e+07
6510 3.76659e+07
6541 3.76594e+07
6572 3.7653e+07
6603 3.76476e+07
6634 3.76432e+07
6665 3.7639e+07
6696 3.76351e+07
6727 3.76302e+07
6758 3.76224e+07
6789 3.76117e+07
6820 3.76013e+07
6851 3.7593e+07
6882 3.75861e+07
6913 3.75778e+07
6944 3.75677e+07
6975 3.75591e+07
7006 3.7551e+07
7037 3.75414e+07
7068 3.75326e+07
7099 3.75248e+07
7130 3.75165e+07
7161 3.7509e+07
7192 3.75022e+07
7223 3.74952e+07
7254 3.74887e+07
7285 3.74828e+07
7316 3.74766e+07
7347 3.74699e+07
7378 3.74633e+07
7409 3.7457e+07
7440 3.7451e+07
7471 3.74451e+07
7502 3.74388e+07
7533 3.74326e+07
7564 3.74268e+07
7595 3.74213e+07
7626 3.74156e+07
7657 3.74102e+07
7688 3.74052e+07
7719 3.74005e+07
7750 3.73959e+07
7781 3.73914e+07
7812 3.73867e+07
7843 3.7382e+07
7874 3.73769e+07
7905 3.73719e+07
7936 3.73673e+07
7967 3.73629e+07
7998 3.73586e+07
8029 3.73545e+07
8060 3.73503e+07
8091 3.73466e+07
8122 3.73432e+07
8153 3.73398e+07
8184 3.7337e+07
8215 3.73348e+07
8246 3.73328e+07
8277 3.73308e+07
8308 3.73292e+07
8339 3.73281e+07
8370 3.73272e+07
8401 3.73267e+07
8432 3.73268e+07
8463 3.73279e+07
8494 3.73295e+07
8525 3.73312e+07
8556 3.73329e+07
8587 3.73343e+07
8618 3.73358e+07
8649 3.73376e+07
8680 3.73402e+07
8711 3.73432e+07
8742 3.73466e+07
8773 3.73503e+07
8804 3.73544e+07
8835 3.73587e+07
8866 3.73634e+07
8897 3.73688e+07
8928 3.73746e+07
8959 3.73807e+07
8990 3.73871e+07
9021 3.73938e+07
9052 3.74008e+07
9083 3.74084e+07
9114 3.74171e+07
9145 3.74262e+07
9176 3.74358e+07
9207 3.7446e+07
9238 3.74567e+07
9269 3.74678e+07
9300 3.74794e+07
9331 3.74916e+07
9362 3.75043e+07
9393 3.75178e+07
9424 3.75321e+07
9455 3.75467e+07
9486 3.75609e+07
9517 3.75755e+07
9548 3.7591e+07
9579 3.76074e+07
9610 3.76243e+07
9641 3.76418e+07
9672 3.76597e+07
9703 3.76779e+07
9734 3.76966e+07
9765 3.77158e+07
9796 3.77354e+07
9827 3.77555e+07
9858 3.77762e+07
9889 3.77971e+07
9920 3.7818e+07
9951 3.78392e+07
9982 3.78611e+07
10013 3.78828e+07
10044 3.79039e+07
10075 3.79247e+07
10106 3.79446e+07
10137 3.79627e+07
10168 3.79798e+07
10199 3.79957e+07
10230 3.80099e+07
10261 3.80226e+07
10292 3.80341e+07
10323 3.80438e+07
10354 3.80517e+07
10385 3.80582e+07
10416 3.80631e+07
10447 3.8066e+07
10478 3.80665e+07
10509 3.80645e+07
10540 3.80593e+07
10571 3.80505e+07
10602 3.80399e+07
10633 3.80278e+07
10664 3.80145e+07
10695 3.8e+07
10726 3.79849e+07
10757 3.79692e+07
10788 3.79532e+07
10819 3.79368e+07
10850 3.79205e+07
10881 3.79046e+07
10912 3.78884e+07
10943 3.78722e+07
10974 3.78564e+07
11005 3.78408e+07
11036 3.78254e+07
11067 3.78114e+07
11098 3.77997e+07
11129 3.77879e+07
11160 3.77755e+07
11191 3.77625e+07
11222 3.77494e+07
11253 3.77359e+07
11284 3.77229e+07
11315 3.77101e+07
11346 3.76976e+07
11377 3.76859e+07
11408 3.76747e+07
11439 3.76643e+07
11470 3.76548e+07
11501 3.76459e+07
11532 3.76378e+07
11563 3.763e+07
11594 3.76225e+07
11625 3.76153e+07
11656 3.76081e+07
11687 3.76005e+07
11718 3.75925e+07
11749 3.75834e+07
11780 3.75728e+07
11811 3.75596e+07
11842 3.75423e+07
11873 3.75199e+07
11904 3.7491e+07
11935 3.74537e+07
11966 3.74061e+07
11997 3.7346e+07
12028 3.7271e+07
12059 3.71782e+07
12090 3.70648e+07
12121 3.69279e+07
12152 3.67627e+07
12183 3.65639e+07
12214 3.63242e+07
12245 3.60347e+07
12276 3.56825e+07
12307 3.52546e+07
12338 3.47464e+07
12369 3.41623e+07
12400 3.35036e+07
12431 3.27738e+07
12462 3.19763e+07
12493 3.11157e+07
12524 3.01971e+07
12555 2.92257e+07
12586 2.82075e+07
12617 2.71484e+07
12648 2.60538e+07
12679 2.49289e+07
12710 2.37798e+07
12741 2.26117e+07
12772 2.14368e+07
12803 2.02728e+07
12834 1.91018e+07
12865 1.79611e+07
12896 1.68785e+07
12927 1.58272e+07
12958 1.47994e+07
12989 1.37683e+07
13020 1.27903e+07
13051 1.20239e+07
13082 1.14442e+07
13113 1.08336e+07
13144 1.01515e+07
13175 9.40768e+06
13206 8.62825e+06
13237 7.86089e+06
13268 7.14507e+06
13299 6.49304e+06
13330 5.88272e+06
13361 5.29289e+06
13392 4.7108e+06
13423 4.15393e+06
13454 3.65263e+06
13485 3.21587e+06
13516 2.83581e+06
13547 2.48774e+06
13578 2.15794e+06
13609 1.86131e+06
13640 1.61673e+06
13671 1.41668e+06
13702 1.24379e+06
13733 1.08538e+06
13764 937256
13795 808814
13826 706019
13857 626182
13888 559490
13919 493488
13950 435952
13981 391748
14012 362014
14043 338951
14074 317508
14105 296178
14136 278777
14167 267752
14198 262975
14229 260995
14260 259913
14291 259502
14322 260576
14353 263797
14384 269746
14415 277259
14446 285596
14477 294255
14508 302937
14539 312502
14570 323280
14601 335282
14632 348273
14663 361872
14694 375891
14725 390300
14756 405293
14787 421133
14818 437939
14849 455432
14880 473804
14911 493052
14942 512929
14973 533501
15004 554850
15035 576691
15066 598995
15097 621966
15128 645348
15159 669119
15190 693034
15221 716915
15252 740177
15283 762342
15314 783230
15345 802630
15376 821151
15407 838318
15438 853727
15469 866944
15500 877600
15531 885766
15562 891815
15593 896197
15624 898357
15655 898259
15686 895633
15717 891495
15748 885241
15779 877204
15810 868561
15841 859297
15872 848195
15903 835545
15934 821740
15965 806709
15996 790536
16027 773881
16058 757176
16089 740325
16120 723100
16151 706116
16182 689292
16213 672652
16244 656285
16275 640085
16306 624248
16337 608659
16368 593321
16399 578892
16430 565222
16461 552469
16492 540355
16523 528775
16554 518325
16585 508587
16616 499189
16647 490107
16678 481304
16709 473121
16740 465718
16771 458825
16802 452316
16833 446040
16864 440000
16895 434285
16926 428961
16957 423950
16988 419503
17019 415705
17050 411919
17081 408354
17112 404947
17143 401550
17174 398086
17205 394544
17236 391170
17267 387950
17298 384843
17329 381853
17360 378921
17391 376162
17422 373459
17453 370808
17484 368145
17515 365568
17546 363160
17577 360858
17608 358726
17639 356675
17670 354554
17701 352499
17732 350609
17763 348794
17794 346940
17825 345049
17856 343196
17887 341350
17918 339392
17949 337263
17980 335256
18011 333263
18042 331436
18073 329683
18104 327924
18135 326138
18166 324348
18197 322545
18228 320751
18259 318964
18290 317202
18321 315489
18352 313896
18383 312549
18414 311282
18445 310249
18476 309580
18507 309222
18538 309053
18569 308961
18600 308985
18631 309189
18662 309540
18693 310064
18724 310824
18755 311734
18786 312877
18817 314294
18848 315931
18879 317712
18910 319720
18941 322020
18972 324727
19003 327807
19034 331218
19065 335261
19096 339874
19127 345103
19158 350934
19189 357386
19220 364680
19251 372749
19282 381440
19313 390672
19344 400316
19375 410797
19406 422086
19437 433974
19468 446401
19499 459188
19530 472197
19561 485049
19592 497806
19623 510156
19654 522387
19685 534762
19716 546668
19747 558245
19778 569656
19809 580625
19840 591242
19871 601446
19902 611291
19933 620968
19964 630200
19995 639068
20026 647373
20057 655386
20088 662869
20119 669891
20150 676905
20181 683834
20212 690563
20243 696876
20274 702947
20305 708798
20336 714343
20367 719677
20398 724811
20429 729238
20460 732632
20491 735402
20522 737731
20553 739119
20584 739605
20615 739466
20646 738932
20677 737788
20708 735993
20739 733552
20770 730050
20801 725546
20832 719776
20863 712985
20894 705456
20925 697359
20956 689012
20987 680337
21018 671127
21049 661613
21080 651745
21111 641457
21142 630754
21173 619704
21204 608528
21235 597230
21266 585642
21297 574138
21328 562620
21359 551131
21390 539846
21421 529030
21452 518602
21483 508618
21514 498930
21545 489642
21576 480757
21607 472114
21638 463598
21669 455546
21700 447419
21731 438680
21762 430423
21793 422461
21824 414755
21855 407270
21886 400175
21917 393274
21948 386690
21979 380623
22010 374805
22041 369128
22072 363717
22103 358639
22134 353949
22165 349631
22196 345529
22227 341622
22258 337858
22289 334328
22320 330912
22351 327733
22382 324863
22413 322085
22444 319449
22475 317096
22506 314770
22537 312390
22568 310162
22599 308129
22630 306236
22661 304336
22692 302497
22723 300906
22754 299406
22785 297924
22816 296478
22847 295221
22878 294167
22909 293138
22940 292263
22971 291603
23002 290990
23033 290547
23064 290327
23095 290254
23126 290396
23157 290622
23188 291043
23219 291596
23250 292222
23281 292912
23312 293724
23343 294645
23374 295724
23405 296926
23436 298423
23467 300142
23498 301864
23529 303704
23560 305571
23591 307524
23622 309527
23653 311598
23684 313749
23715 316007
23746 318295
23777 320602
23808 322844
23839 325036
23870 327135
23901 329254
23932 331312
23963 333469
23994 335877
24025 338390
24056 341108
24087 344233
24118 347823
24149 351666
24180 355713
24211 360017
24242 364621
24273 369211
24304 373808
24335 378761
24366 383993
24397 389535
24428 395452
24459 401789
24490 408569
24521 415511
24552 422673
24583 430120
24614 437738
24645 445710
24676 453931
24707 462362
24738 471075
24769 480163
24800 489719
24831 499648
24862 509917
24893 520416
24924 531062
24955 541790
24986 552698
25017 563869
25048 575309
25079 586961
25110 598851
25141 611137
25172 623717
25203 636361
25234 648997
25265 661813
25296 674768
25327 687784
25358 700589
25389 712912
25420 724750
25451 736054
25482 747032
25513 757703
25544 767620
25575 776380
25606 784008
25637 790796
25668 796472
25699 800724
25730 803316
25761 804430
25792 804251
25823 802544
25854 799634
25885 795709
25916 791142
25947 786133
25978 780624
26009 774589
26040 768244
26071 761491
26102 754319
26133 746777
26164 738834
26195 730292
26226 721486
26257 712292
26288 702770
26319 692878
26350 682956
26381 673101
26412 663125
26443 653273
26474 643528
26505 633774
26536 623932
26567 613960
26598 603943
26629 593895
26660 583946
26691 574320
26722 565100
26753 556081
26784 547366
26815 539152
26846 531440
26877 523986
26908 516655
26939 509512
26970 502406
27001 495353
27032 488631
27063 482386
27094 476678
27125 471553
27156 466949
27187 462934
27218 459083
27249 455336
27280 451409
27311 447333
27342 442986
27373 438502
27404 433926
27435 429497
27466 425249
27497 421316
27528 417808
27559 414709
27590 411878
27621 409188
27652 406469
27683 403736
27714 400995
27745 398136
27776 395295
27807 392442
27838 389758
27869 387429
27900 385561
27931 384037
27962 382867
27993 381840
28024 380655
28055 379150
28086 377357
28117 375239
28148 372935
28179 370656
28210 368631
28241 366915
28272 365567
28303 364699
28334 364215
28365 363960
28396 363618
28427 363054
28458 362220
28489 361026
28520 359496
28551 357764
28582 356094
28613 354731
28644 354046
28675 353769
28706 353902
28737 354351
28768 355057
28799 355602
28830 355863
28861 355908
28892 355704
28923 355322
28954 355028
28985 355077
29016 355489
29047 356330
29078 357568
29109 359201
29140 361199
29171 363255
29202 365145
29233 366809
29264 368295
29295 369565
29326 370798
29357 372363
29388 374560
29419 377245
29450 380439
29481 384055
29512 388174
29543 392598
29574 397084
29605 401608
29636 406025
29667 410417
29698 415037
29729 420000
29760 425515
29791 431604
29822 438308
29853 445557
29884 453293
29915 461315
29946 469171
29977 476833
30008 484327
30039 491627
30070 498865
30101 506257
30132 513848
30163 521557
30194 529488
30225 537636
30256 545955
30287 554336
30318 562623
30349 570642
30380 578226
30411 585486
30442 592628
30473 599350
30504 605969
30535 612344
30566 618704
30597 625167
30628 631552
30659 637933
30690 644021
30721 649490
30752 654348
30783 658594
30814 662116
30845 665041
30876 667479
30907 669600
30938 671202
30969 672315
31000 673164
31031 673824
31062 674193
31093 673852
31124 672915
31155 671462
31186 669444
31217 666792
31248 663376
31279 659362
31310 655256
31341 651227
31372 647214
31403 643071
31434 638832
31465 634307
31496 629431
31527 624201
31558 618464
31589 612126
31620 605471
31651 598742
31682 591913
31713 585271
31744 578824
31775 572640
31806 566509
31837 560490
31868 554263
31899 547946
31930 541493
31961 534592
