0 1.94165e+07
14 1.94165e+07
28 1.94165e+07
42 1.94165e+07
56 1.94165e+07
70 1.94165e+07
84 1.94165e+07
98 1.94165e+07
112 1.94165e+07
126 1.94165e+07
140 1.94165e+07
154 1.94165e+07
168 1.94165e+07
182 1.94165e+07
196 1.94165e+07
210 1.94165e+07
224 1.94165e+07
238 1.94165e+07
252 1.94165e+07
266 1.94165e+07
280 1.94165e+07
294 1.94165e+07
308 1.94165e+07
322 1.94165e+07
336 1.94165e+07
350 1.94165e+07
364 1.94165e+07
378 1.94165e+07
392 1.94165e+07
406 1.94165e+07
420 1.94165e+07
434 1.94165e+07
448 1.94165e+07
462 1.94165e+07
476 1.94165e+07
490 1.94165e+07
504 1.94165e+07
518 1.94165e+07
532 1.94165e+07
546 1.94165e+07
560 1.94165e+07
574 1.94165e+07
588 1.94165e+07
602 1.94165e+07
616 1.94165e+07
630 1.94165e+07
644 1.94165e+07
658 1.94165e+07
672 1.94165e+07
686 1.94165e+07
700 1.94165e+07
714 1.94165e+07
728 1.94165e+07
742 1.94165e+07
756 1.94165e+07
770 1.94165e+07
784 1.94165e+07
798 1.94165e+07
812 1.94165e+07
826 1.94165e+07
840 1.94166e+07
854 1.94165e+07
868 1.94166e+07
882 1.94166e+07
896 1.94166e+07
910 1.94166e+07
924 1.94166e+07
938 1.94166e+07
952 1.94166e+07
966 1.94166e+07
980 1.94166e+07
994 1.94166e+07
1008 1.94166e+07
1022 1.94166e+07
1036 1.94166e+07
1050 1.94166e+07
1064 1.94166e+07
1078 1.94166e+07
1092 1.94166e+07
1106 1.94166e+07
1120 1.94166e+07
1134 1.94166e+07
1148 1.94166e+07
1162 1.94166e+07
1176 1.94166e+07
1190 1.94166e+07
1204 1.94166e+07
1218 1.94166e+07
1232 1.94166e+07
1246 1.94166e+07
1260 1.94166e+07
1274 1.94166e+07
1288 1.94166e+07
1302 1.94166e+07
1316 1.94166e+07
1330 1.94166e+07
1344 1.94166e+07
1358 1.94166e+07
1372 1.94166e+07
1386 1.94166e+07
1400 1.94166e+07
1414 1.94166e+07
1428 1.94166e+07
1442 1.94166e+07
1456 1.94166e+07
1470 1.94166e+07
1484 1.94166e+07
1498 1.94166e+07
1512 1.94166e+07
1526 1.94166e+07
1540 1.94166e+07
1554 1.94166e+07
1568 1.94166e+07
1582 1.94166e+07
1596 1.94166e+07
1610 1.94166e+07
1624 1.94166e+07
1638 1.94166e+07
1652 1.94166e+07
1666 1.94166e+07
1680 1.94166e+07
1694 1.94166e+07
1708 1.94166e+07
1722 1.94166e+07
1736 1.94166e+07
1750 1.94166e+07
1764 1.94166e+07
1778 1.94166e+07
1792 1.94166e+07
1806 1.94166e+07
1820 1.94166e+07
1834 1.94166e+07
1848 1.94166e+07
1862 1.94166e+07
1876 1.94166e+07
1890 1.94166e+07
1904 1.94166e+07
1918 1.94166e+07
1932 1.94166e+07
1946 1.94166e+07
1960 1.94166e+07
1974 1.94166e+07
1988 1.94166e+07
2002 1.94166e+07
2016 1.94166e+07
2030 1.94166e+07
2044 1.94166e+07
2058 1.94166e+07
2072 1.94166e+07
2086 1.94166e+07
2100 1.94166e+07
2114 1.94166e+07
2128 1.94166e+07
2142 1.94166e+07
2156 1.94166e+07
2170 1.94166e+07
2184 1.94166e+07
2198 1.94166e+07
2212 1.94166e+07
2226 1.94166e+07
2240 1.94166e+07
2254 1.94166e+07
2268 1.94166e+07
2282 1.94166e+07
2296 1.94166e+07
2310 1.94166e+07
2324 1.94166e+07
2338 1.94166e+07
2352 1.94166e+07
2366 1.94166e+07
2380 1.94166e+07
2394 1.94166e+07
2408 1.94166e+07
2422 1.94166e+07
2436 1.94166e+07
2450 1.94166e+07
2464 1.94166e+07
2478 1.94166e+07
2492 1.94166e+07
2506 1.94166e+07
2520 1.94166e+07
2534 1.94166e+07
2548 1.94166e+07
2562 1.94166e+07
2576 1.94166e+07
2590 1.94166e+07
2604 1.94166e+07
2618 1.94166e+07
2632 1.94166e+07
2646 1.94166e+07
2660 1.94166e+07
2674 1.94166e+07
2688 1.94166e+07
2702 1.94166e+07
2716 1.94166e+07
2730 1.94166e+07
2744 1.94166e+07
2758 1.94166e+07
2772 1.94166e+07
2786 1.94166e+07
2800 1.94166e+07
2814 1.94166e+07
2828 1.94166e+07
2842 1.94166e+07
2856 1.94166e+07
2870 1.94166e+07
2884 1.94166e+07
2898 1.94166e+07
2912 1.94166e+07
2926 1.94166e+07
2940 1.94166e+07
2954 1.94166e+07
2968 1.94166e+07
2982 1.94166e+07
2996 1.94166e+07
3010 1.94166e+07
3024 1.94166e+07
3038 1.94166e+07
3052 1.94166e+07
3066 1.94166e+07
3080 1.94166e+07
3094 1.94166e+07
3108 1.94166e+07
3122 1.94166e+07
3136 1.94166e+07
3150 1.94166e+07
3164 1.94166e+07
3178 1.94166e+07
3192 1.94166e+07
3206 1.94166e+07
3220 1.94166e+07
3234 1.94166e+07
3248 1.94166e+07
3262 1.94166e+07
3276 1.94166e+07
3290 1.94166e+07
3304 1.94166e+07
3318 1.94166e+07
3332 1.94166e+07
3346 1.94166e+07
3360 1.94166e+07
3374 1.94166e+07
3388 1.94166e+07
3402 1.94166e+07
3416 1.94166e+07
3430 1.94166e+07
3444 1.94166e+07
3458 1.94166e+07
3472 1.94166e+07
3486 1.94166e+07
3500 1.94166e+07
3514 1.94166e+07
3528 1.94166e+07
3542 1.94166e+07
3556 1.94166e+07
3570 1.94166e+07
3584 1.94166e+07
3598 1.94166e+07
3612 1.94166e+07
3626 1.94166e+07
3640 1.94166e+07
3654 1.94166e+07
3668 1.94166e+07
3682 1.94166e+07
3696 1.94166e+07
3710 1.94166e+07
3724 1.94166e+07
3738 1.94166e+07
3752 1.94166e+07
3766 1.94166e+07
3780 1.94166e+07
3794 1.94166e+07
3808 1.94166e+07
3822 1.94166e+07
3836 1.94166e+07
3850 1.94166e+07
3864 1.94166e+07
3878 1.94166e+07
3892 1.94166e+07
3906 1.94166e+07
3920 1.94166e+07
3934 1.94166e+07
3948 1.94166e+07
3962 1.94166e+07
3976 1.94166e+07
3990 1.94166e+07
4004 1.94166e+07
4018 1.94166e+07
4032 1.94166e+07
4046 1.94166e+07
4060 1.94166e+07
4074 1.94166e+07
4088 1.94166e+07
4102 1.94166e+07
4116 1.94166e+07
4130 1.94166e+07
4144 1.94166e+07
4158 1.94166e+07
4172 1.94166e+07
4186 1.94166e+07
4200 1.94166e+07
4214 1.94166e+07
4228 1.94166e+07
4242 1.94166e+07
4256 1.94166e+07
4270 1.94166e+07
4284 1.94166e+07
4298 1.94166e+07
4312 1.94166e+07
4326 1.94166e+07
4340 1.94166e+07
4354 1.94166e+07
4368 1.94166e+07
4382 1.94166e+07
4396 1.94166e+07
4410 1.94166e+07
4424 1.94166e+07
4438 1.94166e+07
4452 1.94166e+07
4466 1.94166e+07
4480 1.94166e+07
4494 1.94166e+07
4508 1.94166e+07
4522 1.94166e+07
4536 1.94166e+07
4550 1.94166e+07
4564 1.94166e+07
4578 1.94166e+07
4592 1.94166e+07
4606 1.94166e+07
4620 1.94166e+07
4634 1.94166e+07
4648 1.94166e+07
4662 1.94166e+07
4676 1.94166e+07
4690 1.94166e+07
4704 1.94166e+07
4718 1.94166e+07
4732 1.94166e+07
4746 1.94166e+07
4760 1.94166e+07
4774 1.94166e+07
4788 1.94166e+07
4802 1.94166e+07
4816 1.94166e+07
4830 1.94166e+07
4844 1.94166e+07
4858 1.94166e+07
4872 1.94166e+07
4886 1.94166e+07
4900 1.94166e+07
4914 1.94166e+07
4928 1.94166e+07
4942 1.94166e+07
4956 1.94166e+07
4970 1.94166e+07
4984 1.94166e+07
4998 1.94166e+07
5012 1.94166e+07
5026 1.94166e+07
5040 1.94166e+07
5054 1.94166e+07
5068 1.94166e+07
5082 1.94166e+07
5096 1.94166e+07
5110 1.94166e+07
5124 1.94166e+07
5138 1.94166e+07
5152 1.94166e+07
5166 1.94166e+07
5180 1.94166e+07
5194 1.94166e+07
5208 1.94166e+07
5222 1.94166e+07
5236 1.94166e+07
5250 1.94166e+07
5264 1.94166e+07
5278 1.94166e+07
5292 1.94166e+07
5306 1.94166e+07
5320 1.94166e+07
5334 1.94166e+07
5348 1.94166e+07
5362 1.94166e+07
5376 1.94166e+07
5390 1.94166e+07
5404 1.94166e+07
5418 1.94166e+07
5432 1.94166e+07
5446 1.94166e+07
5460 1.94166e+07
5474 1.94166e+07
5488 1.94166e+07
5502 1.94166e+07
5516 1.94166e+07
5530 1.94166e+07
5544 1.94166e+07
5558 1.94166e+07
5572 1.94166e+07
5586 1.94166e+07
5600 1.94166e+07
5614 1.94166e+07
5628 1.94166e+07
5642 1.94166e+07
5656 1.94166e+07
5670 1.94166e+07
5684 1.94166e+07
5698 1.94166e+07
5712 1.94166e+07
5726 1.94166e+07
5740 1.94166e+07
5754 1.94166e+07
5768 1.94166e+07
5782 1.94166e+07
5796 1.94166e+07
5810 1.94166e+07
5824 1.94166e+07
5838 1.94166e+07
5852 1.94166e+07
5866 1.94166e+07
5880 1.94166e+07
5894 1.94166e+07
5908 1.94166e+07
5922 1.94166e+07
5936 1.94166e+07
5950 1.94166e+07
5964 1.94166e+07
5978 1.94166e+07
5992 1.94166e+07
6006 1.94166e+07
6020 1.94166e+07
6034 1.94166e+07
6048 1.94166e+07
6062 1.94166e+07
6076 1.94166e+07
6090 1.94166e+07
6104 1.94166e+07
6118 1.94166e+07
6132 1.94166e+07
6146 1.94166e+07
6160 1.94166e+07
6174 1.94166e+07
6188 1.94166e+07
6202 1.94166e+07
6216 1.94166e+07
6230 1.94166e+07
6244 1.94166e+07
6258 1.94166e+07
6272 1.94166e+07
6286 1.94166e+07
6300 1.94166e+07
6314 1.94166e+07
6328 1.94166e+07
6342 1.94166e+07
6356 1.94166e+07
6370 1.94166e+07
6384 1.94166e+07
6398 1.94166e+07
6412 1.94166e+07
6426 1.94166e+07
6440 1.94166e+07
6454 1.94166e+07
6468 1.94166e+07
6482 1.94166e+07
6496 1.94166e+07
6510 1.94166e+07
6524 1.94166e+07
6538 1.94166e+07
6552 1.94166e+07
6566 1.94166e+07
6580 1.94166e+07
6594 1.94166e+07
6608 1.94166e+07
6622 1.94166e+07
6636 1.94166e+07
6650 1.94166e+07
6664 1.94166e+07
6678 1.94166e+07
6692 1.94166e+07
6706 1.94166e+07
6720 1.94166e+07
6734 1.94166e+07
6748 1.94166e+07
6762 1.94166e+07
6776 1.94166e+07
6790 1.94166e+07
6804 1.94166e+07
6818 1.94166e+07
6832 1.94166e+07
6846 1.94166e+07
6860 1.94166e+07
6874 1.94166e+07
6888 1.94166e+07
6902 1.94166e+07
6916 1.94166e+07
6930 1.94166e+07
6944 1.94166e+07
6958 1.94166e+07
6972 1.94166e+07
6986 1.94166e+07
7000 1.94166e+07
7014 1.94166e+07
7028 1.94166e+07
7042 1.94165e+07
7056 1.94164e+07
7070 1.94163e+07
7084 1.9416e+07
7098 1.94157e+07
7112 1.94154e+07
7126 1.9415e+07
7140 1.94147e+07
7154 1.94146e+07
7168 1.94149e+07
7182 1.94154e+07
7196 1.94161e+07
7210 1.94165e+07
7224 1.94155e+07
7238 1.94139e+07
7252 1.94114e+07
7266 1.94064e+07
7280 1.94026e+07
7294 1.93971e+07
7308 1.93897e+07
7322 1.93839e+07
7336 1.93781e+07
7350 1.93726e+07
7364 1.93698e+07
7378 1.93714e+07
7392 1.93774e+07
7406 1.93869e+07
7420 1.93914e+07
7434 1.93489e+07
7448 1.93094e+07
7462 1.93036e+07
7476 1.92811e+07
7490 1.9233e+07
7504 1.92059e+07
7518 1.92192e+07
7532 1.9197e+07
7546 1.91286e+07
7560 1.90953e+07
7574 1.9117e+07
7588 1.91312e+07
7602 1.91385e+07
7616 1.91768e+07
7630 1.923e+07
7644 1.91425e+07
7658 1.89616e+07
7672 1.88514e+07
7686 1.87769e+07
7700 1.87328e+07
7714 1.8735e+07
7728 1.87729e+07
7742 1.87891e+07
7756 1.87349e+07
7770 1.86809e+07
7784 1.86868e+07
7798 1.87621e+07
7812 1.88304e+07
7826 1.88877e+07
7840 1.8866e+07
7854 1.86964e+07
7868 1.8521e+07
7882 1.8434e+07
7896 1.83822e+07
7910 1.83273e+07
7924 1.8313e+07
7938 1.83384e+07
7952 1.83657e+07
7966 1.83445e+07
7980 1.83098e+07
7994 1.83127e+07
8008 1.83909e+07
8022 1.85258e+07
8036 1.85534e+07
8050 1.84082e+07
8064 1.82434e+07
8078 1.81499e+07
8092 1.81172e+07
8106 1.80866e+07
8120 1.80443e+07
8134 1.80175e+07
8148 1.80098e+07
8162 1.80514e+07
8176 1.81139e+07
8190 1.81498e+07
8204 1.81411e+07
8218 1.81673e+07
8232 1.82522e+07
8246 1.81802e+07
8260 1.79737e+07
8274 1.78527e+07
8288 1.77804e+07
8302 1.76992e+07
8316 1.76687e+07
8330 1.77364e+07
8344 1.78263e+07
8358 1.77983e+07
8372 1.77073e+07
8386 1.7701e+07
8400 1.78188e+07
8414 1.79045e+07
8428 1.79172e+07
8442 1.78627e+07
8456 1.77611e+07
8470 1.76894e+07
8484 1.76353e+07
8498 1.75749e+07
8512 1.75763e+07
8526 1.76159e+07
8540 1.7623e+07
8554 1.75945e+07
8568 1.75417e+07
8582 1.75558e+07
8596 1.76136e+07
8610 1.76928e+07
8624 1.77352e+07
8638 1.77051e+07
8652 1.76081e+07
8666 1.75632e+07
8680 1.75294e+07
8694 1.74894e+07
8708 1.74714e+07
8722 1.75011e+07
8736 1.75125e+07
8750 1.74579e+07
8764 1.73968e+07
8778 1.74025e+07
8792 1.74989e+07
8806 1.75552e+07
8820 1.75612e+07
8834 1.75817e+07
8848 1.74888e+07
8862 1.7435e+07
8876 1.73881e+07
8890 1.73532e+07
8904 1.73138e+07
8918 1.73228e+07
8932 1.73403e+07
8946 1.72919e+07
8960 1.72744e+07
8974 1.72833e+07
8988 1.73603e+07
9002 1.73951e+07
9016 1.74412e+07
9030 1.74711e+07
9044 1.74031e+07
9058 1.73599e+07
9072 1.73264e+07
9086 1.72813e+07
9100 1.72355e+07
9114 1.72841e+07
9128 1.7308e+07
9142 1.72427e+07
9156 1.71944e+07
9170 1.72463e+07
9184 1.73241e+07
9198 1.72953e+07
9212 1.73194e+07
9226 1.73661e+07
9240 1.73102e+07
9254 1.72683e+07
9268 1.72455e+07
9282 1.71973e+07
9296 1.71732e+07
9310 1.71979e+07
9324 1.72096e+07
9338 1.71448e+07
9352 1.71084e+07
9366 1.7195e+07
9380 1.72157e+07
9394 1.72029e+07
9408 1.72386e+07
9422 1.72891e+07
9436 1.72242e+07
9450 1.72084e+07
9464 1.71715e+07
9478 1.71347e+07
9492 1.71299e+07
9506 1.71735e+07
9520 1.71357e+07
9534 1.70879e+07
9548 1.71277e+07
9562 1.71695e+07
9576 1.71219e+07
9590 1.71345e+07
9604 1.71982e+07
9618 1.71992e+07
9632 1.7196e+07
9646 1.72001e+07
9660 1.71864e+07
9674 1.71619e+07
9688 1.71637e+07
9702 1.71448e+07
9716 1.71272e+07
9730 1.71371e+07
9744 1.71529e+07
9758 1.712e+07
9772 1.71414e+07
9786 1.71821e+07
9800 1.71722e+07
9814 1.72008e+07
9828 1.71902e+07
9842 1.71741e+07
9856 1.71551e+07
9870 1.71565e+07
9884 1.71418e+07
9898 1.71565e+07
9912 1.71353e+07
9926 1.71285e+07
9940 1.71308e+07
9954 1.71478e+07
9968 1.71345e+07
9982 1.71467e+07
9996 1.71653e+07
10010 1.71723e+07
10024 1.71698e+07
10038 1.71681e+07
10052 1.71686e+07
10066 1.71644e+07
10080 1.71574e+07
10094 1.7148e+07
10108 1.71421e+07
10122 1.71337e+07
10136 1.71354e+07
10150 1.71375e+07
10164 1.71582e+07
10178 1.71545e+07
10192 1.71785e+07
10206 1.71796e+07
10220 1.71767e+07
10234 1.71628e+07
10248 1.71648e+07
10262 1.71436e+07
10276 1.71547e+07
10290 1.71544e+07
10304 1.71521e+07
10318 1.71389e+07
10332 1.71538e+07
10346 1.71376e+07
10360 1.71486e+07
10374 1.71536e+07
10388 1.71591e+07
10402 1.71625e+07
10416 1.71668e+07
10430 1.7165e+07
10444 1.71552e+07
10458 1.71584e+07
10472 1.71516e+07
10486 1.716e+07
10500 1.71394e+07
10514 1.71513e+07
10528 1.71478e+07
10542 1.71469e+07
10556 1.71472e+07
10570 1.71495e+07
10584 1.71606e+07
10598 1.71586e+07
10612 1.71647e+07
10626 1.71526e+07
10640 1.71605e+07
10654 1.71444e+07
10668 1.71543e+07
10682 1.71402e+07
10696 1.71548e+07
10710 1.7149e+07
10724 1.71452e+07
10738 1.71489e+07
10752 1.71434e+07
10766 1.71592e+07
10780 1.71524e+07
10794 1.71646e+07
10808 1.7156e+07
10822 1.71559e+07
10836 1.71492e+07
10850 1.71514e+07
10864 1.71528e+07
10878 1.7152e+07
10892 1.7151e+07
10906 1.71543e+07
10920 1.71496e+07
10934 1.7149e+07
10948 1.71477e+07
10962 1.71543e+07
10976 1.71526e+07
10990 1.71631e+07
11004 1.71516e+07
11018 1.71588e+07
11032 1.71481e+07
11046 1.71553e+07
11060 1.71457e+07
11074 1.715e+07
11088 1.71499e+07
11102 1.71484e+07
11116 1.71484e+07
11130 1.71466e+07
11144 1.71485e+07
11158 1.71502e+07
11172 1.7151e+07
11186 1.71578e+07
11200 1.71556e+07
11214 1.71581e+07
11228 1.71474e+07
11242 1.7153e+07
11256 1.71446e+07
11270 1.71484e+07
11284 1.71485e+07
11298 1.71479e+07
11312 1.71545e+07
11326 1.71488e+07
11340 1.71546e+07
11354 1.71449e+07
11368 1.7152e+07
11382 1.71495e+07
11396 1.71529e+07
11410 1.71576e+07
11424 1.71556e+07
11438 1.71563e+07
11452 1.71502e+07
11466 1.71528e+07
11480 1.71472e+07
11494 1.71495e+07
11508 1.71461e+07
11522 1.71467e+07
11536 1.71494e+07
11550 1.71494e+07
11564 1.7154e+07
11578 1.71509e+07
11592 1.71545e+07
11606 1.71527e+07
11620 1.71509e+07
11634 1.71484e+07
11648 1.71491e+07
11662 1.71478e+07
11676 1.71481e+07
11690 1.71464e+07
11704 1.71464e+07
11718 1.71487e+07
11732 1.71444e+07
11746 1.71526e+07
11760 1.71465e+07
11774 1.7156e+07
11788 1.71456e+07
11802 1.71497e+07
11816 1.71426e+07
11830 1.71438e+07
11844 1.71494e+07
11858 1.71461e+07
11872 1.716e+07
11886 1.71482e+07
11900 1.71608e+07
11914 1.71497e+07
11928 1.71542e+07
11942 1.71484e+07
11956 1.7149e+07
11970 1.71462e+07
11984 1.71413e+07
11998 1.71488e+07
12012 1.71421e+07
12026 1.71501e+07
12040 1.7142e+07
12054 1.7155e+07
12068 1.71504e+07
12082 1.71566e+07
12096 1.71588e+07
12110 1.7151e+07
12124 1.71538e+07
12138 1.71444e+07
12152 1.71481e+07
12166 1.71423e+07
12180 1.71445e+07
12194 1.7146e+07
12208 1.7146e+07
12222 1.71479e+07
12236 1.71487e+07
12250 1.71507e+07
12264 1.71513e+07
12278 1.71534e+07
12292 1.71486e+07
12306 1.71503e+07
12320 1.71474e+07
12334 1.71508e+07
12348 1.71469e+07
12362 1.71507e+07
12376 1.71534e+07
12390 1.715e+07
12404 1.71493e+07
12418 1.71469e+07
12432 1.71505e+07
12446 1.71519e+07
12460 1.71558e+07
12474 1.71642e+07
12488 1.71627e+07
12502 1.71695e+07
12516 1.71651e+07
12530 1.71725e+07
12544 1.71713e+07
12558 1.71769e+07
12572 1.71789e+07
12586 1.71755e+07
12600 1.7184e+07
12614 1.71828e+07
12628 1.71861e+07
12642 1.71892e+07
12656 1.7185e+07
12670 1.71889e+07
12684 1.71806e+07
12698 1.71928e+07
12712 1.71822e+07
12726 1.71941e+07
12740 1.71908e+07
12754 1.71936e+07
12768 1.71917e+07
12782 1.71895e+07
12796 1.71981e+07
12810 1.7201e+07
12824 1.72205e+07
12838 1.72249e+07
12852 1.72383e+07
12866 1.72312e+07
12880 1.72327e+07
12894 1.72283e+07
12908 1.72267e+07
12922 1.72341e+07
12936 1.72287e+07
12950 1.72331e+07
12964 1.72172e+07
12978 1.7215e+07
12992 1.72006e+07
13006 1.72002e+07
13020 1.71928e+07
13034 1.7187e+07
13048 1.71879e+07
13062 1.71788e+07
13076 1.71924e+07
13090 1.71765e+07
13104 1.71862e+07
13118 1.71766e+07
13132 1.71783e+07
13146 1.7184e+07
13160 1.71762e+07
13174 1.71938e+07
13188 1.71852e+07
13202 1.72031e+07
13216 1.71968e+07
13230 1.71978e+07
13244 1.71984e+07
13258 1.71928e+07
13272 1.72106e+07
13286 1.72045e+07
13300 1.72338e+07
13314 1.72262e+07
13328 1.72304e+07
13342 1.72258e+07
13356 1.72247e+07
13370 1.72397e+07
13384 1.72377e+07
13398 1.72604e+07
13412 1.72629e+07
13426 1.72589e+07
13440 1.72341e+07
13454 1.72107e+07
13468 1.72033e+07
13482 1.71931e+07
13496 1.7199e+07
13510 1.71842e+07
13524 1.71816e+07
13538 1.71788e+07
13552 1.71796e+07
13566 1.71896e+07
13580 1.71865e+07
13594 1.7194e+07
13608 1.71792e+07
13622 1.71871e+07
13636 1.7172e+07
13650 1.7181e+07
13664 1.7164e+07
13678 1.71679e+07
13692 1.71606e+07
13706 1.71619e+07
13720 1.71586e+07
13734 1.71577e+07
13748 1.71536e+07
13762 1.71603e+07
13776 1.71498e+07
13790 1.71543e+07
13804 1.71545e+07
13818 1.71528e+07
13832 1.71592e+07
13846 1.71535e+07
13860 1.71568e+07
13874 1.71563e+07
13888 1.71568e+07
13902 1.71565e+07
13916 1.71539e+07
13930 1.71571e+07
13944 1.71638e+07
13958 1.71703e+07
13972 1.71737e+07
13986 1.71718e+07
14000 1.71686e+07
14014 1.71676e+07
14028 1.71632e+07
14042 1.71621e+07
14056 1.71576e+07
14070 1.71554e+07
14084 1.7151e+07
14098 1.71496e+07
14112 1.71496e+07
14126 1.71556e+07
14140 1.71525e+07
14154 1.71554e+07
14168 1.71564e+07
14182 1.71541e+07
14196 1.7156e+07
14210 1.71467e+07
14224 1.71506e+07
14238 1.71454e+07
14252 1.71509e+07
14266 1.71485e+07
14280 1.71474e+07
14294 1.71461e+07
14308 1.71424e+07
14322 1.71511e+07
14336 1.71489e+07
14350 1.71581e+07
14364 1.71534e+07
14378 1.71599e+07
14392 1.71566e+07
14406 1.71516e+07
14420 1.71513e+07
14434 1.71416e+07
14448 1.71478e+07
14462 1.71398e+07
14476 1.71406e+07
14490 1.71463e+07
14504 1.71398e+07
14518 1.71492e+07
14532 1.71315e+07
14546 1.71344e+07
14560 1.71213e+07
14574 1.71278e+07
14588 1.71253e+07
14602 1.71305e+07
14616 1.71325e+07
14630 1.71267e+07
14644 1.71257e+07
14658 1.71226e+07
14672 1.71264e+07
14686 1.71212e+07
14700 1.71234e+07
14714 1.71234e+07
14728 1.71205e+07
14742 1.7124e+07
14756 1.71207e+07
14770 1.71207e+07
14784 1.71221e+07
14798 1.71172e+07
14812 1.71255e+07
14826 1.71127e+07
14840 1.71252e+07
14854 1.71172e+07
14868 1.71217e+07
14882 1.71201e+07
14896 1.71186e+07
14910 1.71214e+07
14924 1.71153e+07
14938 1.71172e+07
14952 1.71146e+07
14966 1.71152e+07
14980 1.71211e+07
14994 1.71154e+07
15008 1.71231e+07
15022 1.71101e+07
15036 1.71211e+07
15050 1.71113e+07
15064 1.71205e+07
15078 1.71146e+07
15092 1.71185e+07
15106 1.71157e+07
15120 1.71174e+07
15134 1.71163e+07
15148 1.71155e+07
15162 1.71137e+07
15176 1.71143e+07
15190 1.71142e+07
15204 1.71132e+07
15218 1.71139e+07
15232 1.71155e+07
15246 1.71151e+07
15260 1.71149e+07
15274 1.71134e+07
15288 1.71152e+07
15302 1.71113e+07
15316 1.7115e+07
15330 1.71089e+07
15344 1.71119e+07
15358 1.71104e+07
15372 1.71132e+07
15386 1.71111e+07
15400 1.71092e+07
15414 1.71125e+07
15428 1.71132e+07
15442 1.71123e+07
15456 1.71127e+07
15470 1.71098e+07
15484 1.71123e+07
15498 1.71088e+07
15512 1.71102e+07
15526 1.71083e+07
15540 1.71078e+07
15554 1.71099e+07
15568 1.71075e+07
15582 1.711e+07
15596 1.7109e+07
15610 1.71088e+07
15624 1.71116e+07
15638 1.71081e+07
15652 1.71107e+07
15666 1.71065e+07
15680 1.71116e+07
15694 1.71075e+07
15708 1.71103e+07
15722 1.71061e+07
15736 1.71094e+07
15750 1.71059e+07
15764 1.71088e+07
15778 1.71081e+07
15792 1.71043e+07
15806 1.71097e+07
15820 1.71028e+07
15834 1.71101e+07
15848 1.71041e+07
15862 1.71065e+07
15876 1.71051e+07
15890 1.71052e+07
15904 1.71062e+07
15918 1.71077e+07
15932 1.71055e+07
15946 1.71073e+07
15960 1.71033e+07
15974 1.71091e+07
15988 1.71013e+07
16002 1.71079e+07
16016 1.7103e+07
16030 1.7104e+07
16044 1.71048e+07
16058 1.71006e+07
16072 1.71057e+07
16086 1.7103e+07
16100 1.7105e+07
16114 1.71052e+07
16128 1.71038e+07
16142 1.71072e+07
16156 1.71014e+07
16170 1.71107e+07
16184 1.70997e+07
16198 1.71092e+07
16212 1.70996e+07
16226 1.71059e+07
16240 1.71037e+07
16254 1.71015e+07
16268 1.71075e+07
16282 1.71001e+07
16296 1.7107e+07
16310 1.71002e+07
16324 1.71047e+07
16338 1.71029e+07
16352 1.71036e+07
16366 1.71046e+07
16380 1.71013e+07
16394 1.71048e+07
16408 1.7104e+07
16422 1.71039e+07
16436 1.71046e+07
16450 1.71008e+07
16464 1.71045e+07
16478 1.70996e+07
16492 1.71046e+07
16506 1.70996e+07
16520 1.71036e+07
16534 1.71004e+07
16548 1.71049e+07
16562 1.71023e+07
16576 1.71059e+07
16590 1.71005e+07
16604 1.71069e+07
16618 1.70994e+07
16632 1.71081e+07
16646 1.70984e+07
16660 1.71072e+07
16674 1.71005e+07
16688 1.71023e+07
16702 1.71059e+07
16716 1.71016e+07
16730 1.71093e+07
16744 1.71006e+07
16758 1.71086e+07
16772 1.71023e+07
16786 1.71046e+07
16800 1.71006e+07
16814 1.71006e+07
16828 1.71038e+07
16842 1.70999e+07
16856 1.71029e+07
16870 1.71015e+07
16884 1.7103e+07
16898 1.71024e+07
16912 1.71031e+07
16926 1.71048e+07
16940 1.71016e+07
16954 1.71044e+07
16968 1.71e+07
16982 1.71033e+07
16996 1.70995e+07
17010 1.71009e+07
17024 1.71041e+07
17038 1.71019e+07
17052 1.71049e+07
17066 1.71001e+07
17080 1.71011e+07
17094 1.71032e+07
17108 1.70981e+07
17122 1.71018e+07
17136 1.70989e+07
17150 1.70997e+07
17164 1.7103e+07
17178 1.70974e+07
17192 1.71069e+07
17206 1.7099e+07
17220 1.71052e+07
17234 1.71003e+07
17248 1.71047e+07
17262 1.71041e+07
17276 1.7103e+07
17290 1.71052e+07
17304 1.71058e+07
17318 1.71088e+07
17332 1.71098e+07
17346 1.71109e+07
17360 1.71197e+07
17374 1.71175e+07
17388 1.7128e+07
17402 1.71268e+07
17416 1.71345e+07
17430 1.71336e+07
17444 1.71367e+07
17458 1.71358e+07
17472 1.71369e+07
17486 1.7135e+07
17500 1.71423e+07
17514 1.71462e+07
17528 1.71556e+07
17542 1.71536e+07
17556 1.71593e+07
17570 1.7152e+07
17584 1.71622e+07
17598 1.71566e+07
17612 1.71707e+07
17626 1.71644e+07
17640 1.71736e+07
17654 1.71696e+07
17668 1.71778e+07
17682 1.71745e+07
17696 1.71808e+07
17710 1.71807e+07
17724 1.71818e+07
17738 1.71756e+07
17752 1.7166e+07
17766 1.7162e+07
17780 1.71571e+07
17794 1.71608e+07
17808 1.71588e+07
17822 1.71566e+07
17836 1.71537e+07
17850 1.71501e+07
17864 1.71527e+07
17878 1.71494e+07
17892 1.71496e+07
17906 1.71452e+07
17920 1.71463e+07
17934 1.71444e+07
17948 1.71431e+07
17962 1.7143e+07
17976 1.71413e+07
17990 1.71446e+07
18004 1.71428e+07
18018 1.71456e+07
18032 1.71451e+07
18046 1.71453e+07
18060 1.71435e+07
18074 1.71448e+07
18088 1.71422e+07
18102 1.71523e+07
18116 1.7154e+07
18130 1.71691e+07
18144 1.71726e+07
18158 1.7185e+07
18172 1.71881e+07
18186 1.71968e+07
18200 1.71988e+07
18214 1.72032e+07
18228 1.71917e+07
18242 1.71817e+07
18256 1.71647e+07
18270 1.71682e+07
18284 1.71636e+07
18298 1.71767e+07
18312 1.71699e+07
18326 1.71684e+07
18340 1.71523e+07
18354 1.71473e+07
18368 1.71422e+07
18382 1.71407e+07
18396 1.71385e+07
18410 1.71317e+07
18424 1.71312e+07
18438 1.7129e+07
18452 1.71317e+07
18466 1.71301e+07
18480 1.71258e+07
18494 1.71222e+07
18508 1.71236e+07
18522 1.71219e+07
18536 1.71225e+07
18550 1.71205e+07
18564 1.71207e+07
18578 1.71224e+07
18592 1.712e+07
18606 1.7122e+07
18620 1.71175e+07
18634 1.71206e+07
18648 1.71188e+07
18662 1.71253e+07
18676 1.7121e+07
18690 1.71216e+07
18704 1.71222e+07
18718 1.71239e+07
18732 1.71252e+07
18746 1.71247e+07
18760 1.71246e+07
18774 1.71249e+07
18788 1.71223e+07
18802 1.71227e+07
18816 1.71156e+07
18830 1.71153e+07
18844 1.71147e+07
18858 1.71191e+07
18872 1.71199e+07
18886 1.71176e+07
18900 1.71205e+07
18914 1.7116e+07
18928 1.71195e+07
18942 1.71144e+07
18956 1.71158e+07
18970 1.71102e+07
18984 1.71125e+07
18998 1.71128e+07
19012 1.71134e+07
19026 1.71119e+07
19040 1.71106e+07
19054 1.71103e+07
19068 1.71123e+07
19082 1.71128e+07
19096 1.71106e+07
19110 1.71111e+07
19124 1.71077e+07
19138 1.71087e+07
19152 1.71083e+07
19166 1.7106e+07
19180 1.71083e+07
19194 1.71021e+07
19208 1.71073e+07
19222 1.71023e+07
19236 1.71075e+07
19250 1.71047e+07
19264 1.71038e+07
19278 1.71042e+07
19292 1.70995e+07
19306 1.7101e+07
19320 1.71002e+07
19334 1.7101e+07
19348 1.70985e+07
19362 1.7099e+07
19376 1.70971e+07
19390 1.70994e+07
19404 1.70977e+07
19418 1.7103e+07
19432 1.71001e+07
19446 1.71072e+07
19460 1.71038e+07
19474 1.71121e+07
19488 1.71104e+07
19502 1.71174e+07
19516 1.71109e+07
19530 1.71113e+07
19544 1.71059e+07
19558 1.71088e+07
19572 1.71126e+07
19586 1.71187e+07
19600 1.71207e+07
19614 1.71176e+07
19628 1.71105e+07
19642 1.71029e+07
19656 1.71004e+07
19670 1.71025e+07
19684 1.71069e+07
19698 1.71108e+07
19712 1.71102e+07
19726 1.71027e+07
19740 1.71013e+07
19754 1.70943e+07
19768 1.71002e+07
19782 1.70962e+07
19796 1.71014e+07
19810 1.70937e+07
19824 1.70952e+07
19838 1.70902e+07
19852 1.70928e+07
19866 1.70913e+07
19880 1.70924e+07
19894 1.70934e+07
19908 1.70913e+07
19922 1.70905e+07
19936 1.70884e+07
19950 1.70916e+07
19964 1.70893e+07
19978 1.70962e+07
19992 1.70903e+07
20006 1.70954e+07
20020 1.7089e+07
20034 1.70941e+07
20048 1.70912e+07
20062 1.70912e+07
20076 1.70916e+07
20090 1.70893e+07
20104 1.70926e+07
20118 1.70867e+07
20132 1.70916e+07
20146 1.70858e+07
20160 1.70911e+07
20174 1.7089e+07
20188 1.70909e+07
20202 1.70892e+07
20216 1.70909e+07
20230 1.70889e+07
20244 1.7089e+07
20258 1.70881e+07
20272 1.70909e+07
20286 1.70898e+07
20300 1.70915e+07
20314 1.70917e+07
20328 1.70924e+07
20342 1.7092e+07
20356 1.70901e+07
20370 1.70898e+07
20384 1.70884e+07
20398 1.70902e+07
20412 1.70895e+07
20426 1.70898e+07
20440 1.70893e+07
20454 1.70872e+07
20468 1.70906e+07
20482 1.70872e+07
20496 1.70915e+07
20510 1.70898e+07
20524 1.70922e+07
20538 1.70915e+07
20552 1.70905e+07
20566 1.70903e+07
20580 1.70906e+07
20594 1.70909e+07
20608 1.7092e+07
20622 1.70908e+07
20636 1.70901e+07
20650 1.70894e+07
20664 1.70917e+07
20678 1.70916e+07
20692 1.70914e+07
20706 1.70906e+07
20720 1.70903e+07
20734 1.70906e+07
20748 1.70893e+07
20762 1.70914e+07
20776 1.70889e+07
20790 1.70914e+07
20804 1.70907e+07
20818 1.70903e+07
20832 1.70922e+07
20846 1.709e+07
20860 1.70938e+07
20874 1.70903e+07
20888 1.70925e+07
20902 1.70885e+07
20916 1.70885e+07
20930 1.70887e+07
20944 1.70871e+07
20958 1.70885e+07
20972 1.70866e+07
20986 1.70882e+07
21000 1.70892e+07
21014 1.70897e+07
21028 1.70907e+07
21042 1.70889e+07
21056 1.70899e+07
21070 1.70869e+07
21084 1.70885e+07
21098 1.70856e+07
21112 1.70884e+07
21126 1.70848e+07
21140 1.70898e+07
21154 1.70866e+07
21168 1.70897e+07
21182 1.70868e+07
21196 1.70895e+07
21210 1.70859e+07
21224 1.70879e+07
21238 1.70845e+07
21252 1.70871e+07
21266 1.7084e+07
21280 1.70878e+07
21294 1.70856e+07
21308 1.70901e+07
21322 1.70866e+07
21336 1.70896e+07
21350 1.70874e+07
21364 1.7087e+07
21378 1.70879e+07
21392 1.70841e+07
21406 1.70871e+07
21420 1.70821e+07
21434 1.70868e+07
21448 1.70819e+07
21462 1.70873e+07
21476 1.70824e+07
21490 1.70863e+07
21504 1.70846e+07
21518 1.70859e+07
21532 1.70862e+07
21546 1.70855e+07
21560 1.70864e+07
21574 1.70849e+07
21588 1.70863e+07
21602 1.70845e+07
21616 1.70862e+07
21630 1.70849e+07
21644 1.70858e+07
21658 1.70856e+07
21672 1.70845e+07
21686 1.70875e+07
21700 1.70841e+07
21714 1.70888e+07
21728 1.70834e+07
21742 1.70886e+07
21756 1.7083e+07
21770 1.70892e+07
21784 1.70832e+07
21798 1.7087e+07
21812 1.70846e+07
21826 1.70845e+07
21840 1.70855e+07
21854 1.7084e+07
21868 1.70865e+07
21882 1.70842e+07
21896 1.70872e+07
21910 1.70857e+07
21924 1.70878e+07
21938 1.70857e+07
21952 1.70869e+07
21966 1.7086e+07
21980 1.70849e+07
21994 1.70857e+07
22008 1.70839e+07
22022 1.70865e+07
22036 1.70834e+07
22050 1.70868e+07
22064 1.70842e+07
22078 1.70862e+07
22092 1.70854e+07
22106 1.70849e+07
22120 1.70869e+07
22134 1.70833e+07
22148 1.70847e+07
22162 1.70798e+07
22176 1.70843e+07
22190 1.70815e+07
22204 1.70896e+07
22218 1.7092e+07
22232 1.70977e+07
22246 1.70954e+07
22260 1.70939e+07
22274 1.70873e+07
22288 1.70749e+07
22302 1.70569e+07
22316 1.70322e+07
22330 1.70017e+07
22344 1.69564e+07
22358 1.69011e+07
22372 1.68275e+07
22386 1.67434e+07
22400 1.66585e+07
22414 1.6593e+07
22428 1.65715e+07
22442 1.65628e+07
22456 1.65266e+07
22470 1.64671e+07
22484 1.64466e+07
22498 1.64266e+07
22512 1.63577e+07
22526 1.62505e+07
22540 1.61739e+07
22554 1.60714e+07
22568 1.58914e+07
22582 1.57495e+07
22596 1.55524e+07
22610 1.53215e+07
22624 1.51087e+07
22638 1.49263e+07
22652 1.48747e+07
22666 1.48467e+07
22680 1.469e+07
22694 1.45191e+07
22708 1.44751e+07
22722 1.44598e+07
22736 1.43436e+07
22750 1.41557e+07
22764 1.40491e+07
22778 1.39251e+07
22792 1.36607e+07
22806 1.34944e+07
22820 1.32649e+07
22834 1.30994e+07
22848 1.30404e+07
22862 1.30214e+07
22876 1.28536e+07
22890 1.27133e+07
22904 1.26631e+07
22918 1.26588e+07
22932 1.25865e+07
22946 1.24311e+07
22960 1.23022e+07
22974 1.21596e+07
22988 1.1933e+07
23002 1.17608e+07
23016 1.15137e+07
23030 1.13272e+07
23044 1.12612e+07
23058 1.12507e+07
23072 1.11084e+07
23086 1.0946e+07
23100 1.08435e+07
23114 1.08281e+07
23128 1.07865e+07
23142 1.06872e+07
23156 1.05705e+07
23170 1.0421e+07
23184 1.01779e+07
23198 1.00147e+07
23212 9.80655e+06
23226 9.63663e+06
23240 9.57855e+06
23254 9.55534e+06
23268 9.45481e+06
23282 9.29418e+06
23296 9.19709e+06
23310 9.18164e+06
23324 9.14819e+06
23338 9.04228e+06
23352 8.90264e+06
23366 8.77323e+06
23380 8.58686e+06
23394 8.4711e+06
23408 8.29666e+06
23422 8.13635e+06
23436 8.0623e+06
23450 8.04932e+06
23464 7.96123e+06
23478 7.81812e+06
23492 7.74534e+06
23506 7.73887e+06
23520 7.704e+06
23534 7.55602e+06
23548 7.42123e+06
23562 7.33588e+06
23576 7.17146e+06
23590 7.01919e+06
23604 6.86297e+06
23618 6.69043e+06
23632 6.61463e+06
23646 6.59774e+06
23660 6.52066e+06
23674 6.39498e+06
23688 6.33628e+06
23702 6.33221e+06
23716 6.29867e+06
23730 6.14541e+06
23744 6.02661e+06
23758 5.94684e+06
23772 5.81812e+06
23786 5.66983e+06
23800 5.52162e+06
23814 5.3551e+06
23828 5.29703e+06
23842 5.2868e+06
23856 5.23202e+06
23870 5.12595e+06
23884 5.08176e+06
23898 5.07506e+06
23912 5.04296e+06
23926 4.90939e+06
23940 4.80645e+06
23954 4.74381e+06
23968 4.61157e+06
23982 4.46582e+06
23996 4.35728e+06
24010 4.25888e+06
24024 4.2151e+06
24038 4.1945e+06
24052 4.15383e+06
24066 4.04812e+06
24080 4.01719e+06
24094 4.00938e+06
24108 3.96997e+06
24122 3.85348e+06
24136 3.78335e+06
24150 3.71505e+06
24164 3.60696e+06
24178 3.52606e+06
24192 3.41326e+06
24206 3.28259e+06
24220 3.23737e+06
24234 3.22565e+06
24248 3.19277e+06
24262 3.14201e+06
24276 3.10401e+06
24290 3.09045e+06
24304 3.05738e+06
24318 2.98828e+06
24332 2.9305e+06
24346 2.88085e+06
24360 2.77946e+06
24374 2.71831e+06
24388 2.61048e+06
24402 2.51722e+06
24416 2.47943e+06
24430 2.47792e+06
24444 2.45478e+06
24458 2.40998e+06
24472 2.38553e+06
24486 2.37173e+06
24500 2.33671e+06
24514 2.28304e+06
24528 2.22833e+06
24542 2.17389e+06
24556 2.11292e+06
24570 2.035e+06
24584 1.92523e+06
24598 1.86759e+06
24612 1.85377e+06
24626 1.84856e+06
24640 1.83747e+06
24654 1.80085e+06
24668 1.77531e+06
24682 1.76576e+06
24696 1.746e+06
24710 1.67933e+06
24724 1.63853e+06
24738 1.60183e+06
24752 1.52447e+06
24766 1.46261e+06
24780 1.40848e+06
24794 1.35297e+06
24808 1.33476e+06
24822 1.33253e+06
24836 1.31423e+06
24850 1.29165e+06
24864 1.28364e+06
24878 1.27552e+06
24892 1.25154e+06
24906 1.21287e+06
24920 1.18895e+06
24934 1.1578e+06
24948 1.10384e+06
24962 1.05377e+06
24976 1.00161e+06
24990 969735
25004 954922
25018 956216
25032 943957
25046 931845
25060 920061
25074 917848
25088 900608
25102 867713
25116 843683
25130 817720
25144 778156
25158 745457
25172 704225
25186 680113
25200 670843
25214 670010
25228 664557
25242 656705
25256 647236
25270 644831
25284 630443
25298 614037
25312 592747
25326 572662
25340 540959
25354 518048
25368 496042
25382 477484
25396 472523
25410 469113
25424 470042
25438 462546
25452 458272
25466 450977
25480 443928
25494 429832
25508 415527
25522 399947
25536 378437
25550 362179
25564 345966
25578 334460
25592 329191
25606 327960
25620 327831
25634 323360
25648 321906
25662 316052
25676 311963
25690 300749
25704 290484
25718 279616
25732 264667
25746 255082
25760 240726
25774 236122
25788 231088
25802 232972
25816 231999
25830 229002
25844 227949
25858 222900
25872 222203
25886 211318
25900 207090
25914 196875
25928 190376
25942 180671
25956 174248
25970 169072
25984 166273
25998 166725
26012 165558
26026 165159
26040 164504
26054 161445
26068 159567
26082 153005
26096 151716
26110 144471
26124 141642
26138 134381
26152 131070
26166 125973
26180 126564
26194 124691
26208 126766
26222 124953
26236 123958
26250 123168
26264 119043
26278 117779
26292 112451
26306 109917
26320 106414
26334 103125
26348 101048
26362 99152
26376 99057.2
26390 97487.8
26404 98279.7
26418 97749.8
26432 97380.5
26446 96721.6
26460 95132.7
26474 92976.6
26488 90946.2
26502 88522.8
26516 86471.4
26530 84935.6
26544 81866.6
26558 82254.6
26572 79153.7
26586 81268.7
26600 78365.7
26614 82352.2
26628 78298.1
26642 81013.4
26656 77649.5
26670 78442
26684 76444.2
26698 76869
26712 74660.2
26726 74112.8
26740 72512.9
26754 71200.1
26768 69647.5
26782 69582.4
26796 69818.6
26810 69117.1
26824 70713.7
26838 68612.1
26852 71180.7
26866 67216.9
26880 71233.2
26894 66558.4
26908 69427.2
26922 66834.2
26936 69814.1
26950 71472.5
26964 73500.3
26978 80466.5
26992 82357.8
27006 92711.3
27020 99078.7
27034 114279
27048 125961
27062 137180
27076 145007
27090 149634
27104 154946
27118 156572
27132 154950
27146 153914
27160 151604
27174 151568
27188 144295
27202 142482
27216 135534
27230 135786
27244 130929
27258 130026
27272 126013
27286 124691
27300 119914
27314 116054
27328 113161
27342 111362
27356 112992
27370 112932
27384 112640
27398 112067
27412 112357
27426 114692
27440 115021
27454 116421
27468 115804
27482 122347
27496 121159
27510 123236
27524 121406
27538 121945
27552 126251
27566 131633
27580 143130
27594 148743
27608 157192
27622 154757
27636 157046
27650 147920
27664 144852
27678 134816
27692 128373
27706 121225
27720 119568
27734 117752
27748 117256
27762 117845
27776 117460
27790 117929
27804 115486
27818 114005
27832 105263
27846 102285
27860 96607.8
27874 98266.8
27888 96592.9
27902 97330.2
27916 96096.3
27930 93600.2
27944 92961.3
27958 91088.6
27972 90252.7
27986 88557.5
28000 86817.7
28014 87620.4
28028 84049.9
28042 84154.2
28056 81717.6
28070 81928.6
28084 79737.3
28098 81114.6
28112 78860.9
28126 82223.2
28140 81279
28154 83993.7
28168 82125.6
28182 80750.5
28196 79045
28210 79043.6
28224 78992.5
28238 79339.6
28252 78787.8
28266 81690.9
28280 82470.2
28294 84984
28308 85641.8
28322 83552
28336 83411.5
28350 81309.9
28364 80795.1
28378 78243.4
28392 78109.9
28406 76165.9
28420 76625
28434 74657.8
28448 74707.2
28462 72747.5
28476 73956.5
28490 72826.2
28504 74273.4
28518 73208.3
28532 72719.3
28546 72388.4
28560 70811.8
28574 72633.2
28588 71428.3
28602 72143.2
28616 72228.8
28630 70219.4
28644 71584.5
28658 69404.4
28672 70493.5
28686 68727
28700 67623.1
28714 67960.4
28728 65526
28742 67945.8
28756 62901.6
28770 67476.3
28784 62621.1
28798 65713.2
28812 63716.2
28826 63848.1
28840 64951.2
28854 64013.1
28868 65760.7
28882 64804.8
28896 65018.6
28910 65069.4
28924 63493.9
28938 64497.3
28952 62569.7
28966 63406.3
28980 63026.1
28994 62713.3
29008 62401.9
29022 61335.2
29036 61922.5
29050 60824.6
29064 62946.3
29078 62247.9
29092 64612.2
29106 63812
29120 65462.5
29134 65201.9
29148 65606.6
29162 66703.5
29176 67244.5
29190 68723.1
29204 69332.3
29218 70532
29232 70882.8
29246 74400.4
29260 77172.4
29274 81321.3
29288 81750.4
29302 83112.4
29316 79908.5
29330 76572.9
29344 69710.9
29358 65177.3
29372 60210.4
29386 58112.7
29400 57293.3
29414 58714.4
29428 61224.3
29442 62377.8
29456 63586.8
29470 61845.1
29484 62582.2
29498 61991.7
29512 63055.4
29526 63927.8
29540 64506.9
29554 63399.6
29568 62654.3
29582 60171
29596 59637.5
29610 56954.8
29624 56921.9
29638 55053
29652 55539.2
29666 55733.6
29680 55605.3
29694 55964.7
29708 55326.9
29722 55508.2
29736 54794.6
29750 55443.1
29764 54631.4
29778 54662.4
29792 52634.2
29806 52575.9
29820 50491.4
29834 51497.6
29848 50487.7
29862 52455.4
29876 51332.4
29890 53219.2
29904 51440.8
29918 52522.1
29932 51929.7
29946 51364.1
29960 52625.1
29974 50393.9
