0 1.76508e+07
14 1.76508e+07
28 1.76508e+07
42 1.76508e+07
56 1.76508e+07
70 1.76509e+07
84 1.76509e+07
98 1.76509e+07
112 1.76509e+07
126 1.76509e+07
140 1.76509e+07
154 1.76509e+07
168 1.76509e+07
182 1.76509e+07
196 1.76509e+07
210 1.76509e+07
224 1.76509e+07
238 1.76509e+07
252 1.76509e+07
266 1.76509e+07
280 1.76509e+07
294 1.76509e+07
308 1.76509e+07
322 1.76509e+07
336 1.76509e+07
350 1.76509e+07
364 1.76509e+07
378 1.76509e+07
392 1.76509e+07
406 1.76509e+07
420 1.76509e+07
434 1.76509e+07
448 1.76509e+07
462 1.76509e+07
476 1.76509e+07
490 1.76509e+07
504 1.76509e+07
518 1.76509e+07
532 1.76509e+07
546 1.76509e+07
560 1.76509e+07
574 1.76509e+07
588 1.76509e+07
602 1.76509e+07
616 1.76509e+07
630 1.76509e+07
644 1.76509e+07
658 1.76509e+07
672 1.76509e+07
686 1.76509e+07
700 1.76509e+07
714 1.76509e+07
728 1.76509e+07
742 1.76509e+07
756 1.76509e+07
770 1.76509e+07
784 1.76509e+07
798 1.76509e+07
812 1.76509e+07
826 1.76509e+07
840 1.76509e+07
854 1.76509e+07
868 1.76509e+07
882 1.76509e+07
896 1.76509e+07
910 1.76509e+07
924 1.76509e+07
938 1.76509e+07
952 1.76509e+07
966 1.76509e+07
980 1.76509e+07
994 1.76509e+07
1008 1.76509e+07
1022 1.76509e+07
1036 1.76509e+07
1050 1.76509e+07
1064 1.76509e+07
1078 1.76509e+07
1092 1.76509e+07
1106 1.76509e+07
1120 1.76509e+07
1134 1.76509e+07
1148 1.76509e+07
1162 1.76509e+07
1176 1.76509e+07
1190 1.76509e+07
1204 1.76509e+07
1218 1.76509e+07
1232 1.76509e+07
1246 1.76509e+07
1260 1.76509e+07
1274 1.76509e+07
1288 1.76509e+07
1302 1.76509e+07
1316 1.76509e+07
1330 1.76509e+07
1344 1.76509e+07
1358 1.76509e+07
1372 1.76509e+07
1386 1.76509e+07
1400 1.76509e+07
1414 1.76509e+07
1428 1.76509e+07
1442 1.76509e+07
1456 1.76509e+07
1470 1.76509e+07
1484 1.76509e+07
1498 1.76509e+07
1512 1.76509e+07
1526 1.76509e+07
1540 1.76509e+07
1554 1.76509e+07
1568 1.76509e+07
1582 1.76509e+07
1596 1.76509e+07
1610 1.76509e+07
1624 1.76509e+07
1638 1.76509e+07
1652 1.76509e+07
1666 1.76509e+07
1680 1.76509e+07
1694 1.76509e+07
1708 1.76509e+07
1722 1.76509e+07
1736 1.76509e+07
1750 1.76509e+07
1764 1.76509e+07
1778 1.76509e+07
1792 1.76509e+07
1806 1.76509e+07
1820 1.76509e+07
1834 1.76509e+07
1848 1.76509e+07
1862 1.76509e+07
1876 1.76509e+07
1890 1.76509e+07
1904 1.76509e+07
1918 1.76509e+07
1932 1.76509e+07
1946 1.76509e+07
1960 1.76509e+07
1974 1.76509e+07
1988 1.76509e+07
2002 1.76509e+07
2016 1.76509e+07
2030 1.76509e+07
2044 1.76509e+07
2058 1.76509e+07
2072 1.76509e+07
2086 1.76509e+07
2100 1.76509e+07
2114 1.76509e+07
2128 1.76509e+07
2142 1.76509e+07
2156 1.76509e+07
2170 1.76509e+07
2184 1.76509e+07
2198 1.76509e+07
2212 1.76509e+07
2226 1.76509e+07
2240 1.76509e+07
2254 1.76509e+07
2268 1.76509e+07
2282 1.76509e+07
2296 1.76509e+07
2310 1.76509e+07
2324 1.76509e+07
2338 1.76509e+07
2352 1.76509e+07
2366 1.76509e+07
2380 1.76509e+07
2394 1.76509e+07
2408 1.76509e+07
2422 1.76509e+07
2436 1.76509e+07
2450 1.76509e+07
2464 1.76509e+07
2478 1.76509e+07
2492 1.76509e+07
2506 1.76509e+07
2520 1.76509e+07
2534 1.76509e+07
2548 1.76509e+07
2562 1.76509e+07
2576 1.76509e+07
2590 1.76509e+07
2604 1.76509e+07
2618 1.76509e+07
2632 1.76509e+07
2646 1.76509e+07
2660 1.76509e+07
2674 1.76509e+07
2688 1.76509e+07
2702 1.76509e+07
2716 1.76509e+07
2730 1.76509e+07
2744 1.76509e+07
2758 1.76509e+07
2772 1.76509e+07
2786 1.76509e+07
2800 1.76509e+07
2814 1.76509e+07
2828 1.76509e+07
2842 1.76509e+07
2856 1.76509e+07
2870 1.76509e+07
2884 1.76509e+07
2898 1.76509e+07
2912 1.76509e+07
2926 1.76509e+07
2940 1.76509e+07
2954 1.76509e+07
2968 1.76509e+07
2982 1.76509e+07
2996 1.76509e+07
3010 1.76509e+07
3024 1.76509e+07
3038 1.76509e+07
3052 1.76509e+07
3066 1.76509e+07
3080 1.76509e+07
3094 1.76509e+07
3108 1.76509e+07
3122 1.76509e+07
3136 1.76509e+07
3150 1.76509e+07
3164 1.76509e+07
3178 1.76509e+07
3192 1.76509e+07
3206 1.76509e+07
3220 1.76509e+07
3234 1.76509e+07
3248 1.76509e+07
3262 1.76509e+07
3276 1.76509e+07
3290 1.76509e+07
3304 1.76509e+07
3318 1.76509e+07
3332 1.76509e+07
3346 1.76509e+07
3360 1.76509e+07
3374 1.76509e+07
3388 1.76509e+07
3402 1.76509e+07
3416 1.76509e+07
3430 1.76509e+07
3444 1.76509e+07
3458 1.76509e+07
3472 1.76509e+07
3486 1.76509e+07
3500 1.76509e+07
3514 1.76509e+07
3528 1.76509e+07
3542 1.76509e+07
3556 1.76509e+07
3570 1.76509e+07
3584 1.76509e+07
3598 1.76509e+07
3612 1.76509e+07
3626 1.76509e+07
3640 1.76509e+07
3654 1.76509e+07
3668 1.76509e+07
3682 1.76509e+07
3696 1.76509e+07
3710 1.76509e+07
3724 1.76509e+07
3738 1.76509e+07
3752 1.76509e+07
3766 1.76509e+07
3780 1.76509e+07
3794 1.76509e+07
3808 1.76509e+07
3822 1.76509e+07
3836 1.76509e+07
3850 1.76509e+07
3864 1.76509e+07
3878 1.76509e+07
3892 1.76509e+07
3906 1.76509e+07
3920 1.76509e+07
3934 1.76509e+07
3948 1.76509e+07
3962 1.76509e+07
3976 1.76509e+07
3990 1.76509e+07
4004 1.76509e+07
4018 1.76509e+07
4032 1.76509e+07
4046 1.76509e+07
4060 1.76509e+07
4074 1.76509e+07
4088 1.76509e+07
4102 1.76509e+07
4116 1.76509e+07
4130 1.76509e+07
4144 1.76509e+07
4158 1.76509e+07
4172 1.76509e+07
4186 1.76509e+07
4200 1.76509e+07
4214 1.76509e+07
4228 1.76509e+07
4242 1.76509e+07
4256 1.76509e+07
4270 1.76509e+07
4284 1.76509e+07
4298 1.76509e+07
4312 1.76509e+07
4326 1.76509e+07
4340 1.76509e+07
4354 1.76509e+07
4368 1.76509e+07
4382 1.76509e+07
4396 1.76509e+07
4410 1.76509e+07
4424 1.76509e+07
4438 1.76509e+07
4452 1.76509e+07
4466 1.76509e+07
4480 1.76509e+07
4494 1.76509e+07
4508 1.76509e+07
4522 1.76509e+07
4536 1.76509e+07
4550 1.76509e+07
4564 1.76509e+07
4578 1.76509e+07
4592 1.76509e+07
4606 1.76509e+07
4620 1.76509e+07
4634 1.76509e+07
4648 1.76509e+07
4662 1.76509e+07
4676 1.76509e+07
4690 1.76508e+07
4704 1.76508e+07
4718 1.76508e+07
4732 1.76508e+07
4746 1.76508e+07
4760 1.76508e+07
4774 1.76509e+07
4788 1.76509e+07
4802 1.76509e+07
4816 1.76509e+07
4830 1.76509e+07
4844 1.76509e+07
4858 1.76508e+07
4872 1.76508e+07
4886 1.76508e+07
4900 1.76508e+07
4914 1.76508e+07
4928 1.76508e+07
4942 1.76508e+07
4956 1.76508e+07
4970 1.76508e+07
4984 1.76508e+07
4998 1.76509e+07
5012 1.76509e+07
5026 1.76509e+07
5040 1.76508e+07
5054 1.76508e+07
5068 1.76508e+07
5082 1.76507e+07
5096 1.76507e+07
5110 1.76507e+07
5124 1.76506e+07
5138 1.76506e+07
5152 1.76507e+07
5166 1.76507e+07
5180 1.76508e+07
5194 1.76508e+07
5208 1.76509e+07
5222 1.76508e+07
5236 1.76508e+07
5250 1.76507e+07
5264 1.76506e+07
5278 1.76505e+07
5292 1.76504e+07
5306 1.76502e+07
5320 1.76502e+07
5334 1.76502e+07
5348 1.76503e+07
5362 1.76504e+07
5376 1.76505e+07
5390 1.76507e+07
5404 1.76508e+07
5418 1.76508e+07
5432 1.76507e+07
5446 1.76505e+07
5460 1.76503e+07
5474 1.765e+07
5488 1.76496e+07
5502 1.76493e+07
5516 1.76491e+07
5530 1.76491e+07
5544 1.76491e+07
5558 1.76493e+07
5572 1.76497e+07
5586 1.76502e+07
5600 1.76507e+07
5614 1.76508e+07
5628 1.76506e+07
5642 1.76501e+07
5656 1.76497e+07
5670 1.76492e+07
5684 1.76482e+07
5698 1.76472e+07
5712 1.76469e+07
5726 1.76469e+07
5740 1.76466e+07
5754 1.76464e+07
5768 1.7647e+07
5782 1.76482e+07
5796 1.76495e+07
5810 1.76504e+07
5824 1.76502e+07
5838 1.76486e+07
5852 1.76476e+07
5866 1.76476e+07
5880 1.76456e+07
5894 1.7642e+07
5908 1.76406e+07
5922 1.76424e+07
5936 1.76424e+07
5950 1.76397e+07
5964 1.76392e+07
5978 1.76417e+07
5992 1.76447e+07
6006 1.76464e+07
6020 1.76474e+07
6034 1.76444e+07
6048 1.76383e+07
6062 1.76366e+07
6076 1.76379e+07
6090 1.76327e+07
6104 1.76238e+07
6118 1.76196e+07
6132 1.7626e+07
6146 1.76288e+07
6160 1.7621e+07
6174 1.76193e+07
6188 1.76259e+07
6202 1.76318e+07
6216 1.76338e+07
6230 1.76337e+07
6244 1.76207e+07
6258 1.7604e+07
6272 1.75994e+07
6286 1.76018e+07
6300 1.75952e+07
6314 1.75784e+07
6328 1.75632e+07
6342 1.75614e+07
6356 1.75832e+07
6370 1.75911e+07
6384 1.75753e+07
6398 1.7569e+07
6412 1.75835e+07
6426 1.76035e+07
6440 1.75969e+07
6454 1.75591e+07
6468 1.75209e+07
6482 1.75005e+07
6496 1.74925e+07
6510 1.74855e+07
6524 1.7477e+07
6538 1.74678e+07
6552 1.74555e+07
6566 1.74574e+07
6580 1.74766e+07
6594 1.74745e+07
6608 1.74647e+07
6622 1.74632e+07
6636 1.74789e+07
6650 1.74891e+07
6664 1.7427e+07
6678 1.73135e+07
6692 1.72144e+07
6706 1.71644e+07
6720 1.71336e+07
6734 1.70967e+07
6748 1.70718e+07
6762 1.70771e+07
6776 1.71152e+07
6790 1.71655e+07
6804 1.71997e+07
6818 1.72136e+07
6832 1.72072e+07
6846 1.72103e+07
6860 1.72117e+07
6874 1.71075e+07
6888 1.69351e+07
6902 1.67815e+07
6916 1.66931e+07
6930 1.6666e+07
6944 1.66424e+07
6958 1.66192e+07
6972 1.66152e+07
6986 1.66318e+07
7000 1.6677e+07
7014 1.67383e+07
7028 1.68039e+07
7042 1.68544e+07
7056 1.69001e+07
7070 1.68642e+07
7084 1.67017e+07
7098 1.64781e+07
7112 1.62848e+07
7126 1.61724e+07
7140 1.61093e+07
7154 1.60632e+07
7168 1.60426e+07
7182 1.60346e+07
7196 1.60463e+07
7210 1.61008e+07
7224 1.619e+07
7238 1.6291e+07
7252 1.63652e+07
7266 1.63671e+07
7280 1.62768e+07
7294 1.60718e+07
7308 1.57683e+07
7322 1.54378e+07
7336 1.51544e+07
7350 1.49794e+07
7364 1.49421e+07
7378 1.49937e+07
7392 1.50687e+07
7406 1.51684e+07
7420 1.52722e+07
7434 1.53685e+07
7448 1.5492e+07
7462 1.56209e+07
7476 1.57206e+07
7490 1.57147e+07
7504 1.54663e+07
7518 1.50742e+07
7532 1.4677e+07
7546 1.43233e+07
7560 1.4038e+07
7574 1.38848e+07
7588 1.38939e+07
7602 1.40397e+07
7616 1.426e+07
7630 1.45064e+07
7644 1.47736e+07
7658 1.50621e+07
7672 1.53511e+07
7686 1.55369e+07
7700 1.54846e+07
7714 1.5095e+07
7728 1.45835e+07
7742 1.40761e+07
7756 1.36681e+07
7770 1.34115e+07
7784 1.33134e+07
7798 1.34135e+07
7812 1.37182e+07
7826 1.41432e+07
7840 1.45755e+07
7854 1.49965e+07
7868 1.51702e+07
7882 1.51818e+07
7896 1.52124e+07
7910 1.49728e+07
7924 1.45742e+07
7938 1.40537e+07
7952 1.35805e+07
7966 1.32595e+07
7980 1.31324e+07
7994 1.31717e+07
8008 1.33193e+07
8022 1.35418e+07
8036 1.38356e+07
8050 1.41773e+07
8064 1.45492e+07
8078 1.49139e+07
8092 1.51431e+07
8106 1.48936e+07
8120 1.44471e+07
8134 1.39842e+07
8148 1.35679e+07
8162 1.32552e+07
8176 1.30837e+07
8190 1.30682e+07
8204 1.3226e+07
8218 1.35328e+07
8232 1.39271e+07
8246 1.4374e+07
8260 1.47803e+07
8274 1.50562e+07
8288 1.51361e+07
8302 1.48699e+07
8316 1.45567e+07
8330 1.42797e+07
8344 1.40686e+07
8358 1.39486e+07
8372 1.39454e+07
8386 1.40569e+07
8400 1.42491e+07
8414 1.45057e+07
8428 1.47296e+07
8442 1.49152e+07
8456 1.50119e+07
8470 1.49701e+07
8484 1.48004e+07
8498 1.4641e+07
8512 1.45476e+07
8526 1.44585e+07
8540 1.43396e+07
8554 1.4293e+07
8568 1.43607e+07
8582 1.4476e+07
8596 1.45651e+07
8610 1.46172e+07
8624 1.46724e+07
8638 1.47047e+07
8652 1.4758e+07
8666 1.47739e+07
8680 1.47019e+07
8694 1.4591e+07
8708 1.44934e+07
8722 1.44528e+07
8736 1.44483e+07
8750 1.44476e+07
8764 1.44482e+07
8778 1.44866e+07
8792 1.45456e+07
8806 1.46009e+07
8820 1.4677e+07
8834 1.47201e+07
8848 1.47087e+07
8862 1.46757e+07
8876 1.46707e+07
8890 1.46886e+07
8904 1.46907e+07
8918 1.4691e+07
8932 1.47018e+07
8946 1.4697e+07
8960 1.46698e+07
8974 1.46666e+07
8988 1.46825e+07
9002 1.47028e+07
9016 1.47322e+07
9030 1.47448e+07
9044 1.47469e+07
9058 1.47496e+07
9072 1.47446e+07
9086 1.4734e+07
9100 1.47044e+07
9114 1.46893e+07
9128 1.46907e+07
9142 1.46916e+07
9156 1.46978e+07
9170 1.47049e+07
9184 1.47021e+07
9198 1.47033e+07
9212 1.47064e+07
9226 1.471e+07
9240 1.46987e+07
9254 1.46926e+07
9268 1.47108e+07
9282 1.47019e+07
9296 1.46795e+07
9310 1.46719e+07
9324 1.46657e+07
9338 1.46717e+07
9352 1.46681e+07
9366 1.46618e+07
9380 1.46681e+07
9394 1.46787e+07
9408 1.46818e+07
9422 1.46735e+07
9436 1.4674e+07
9450 1.46698e+07
9464 1.46552e+07
9478 1.46643e+07
9492 1.46598e+07
9506 1.46614e+07
9520 1.46605e+07
9534 1.46417e+07
9548 1.46492e+07
9562 1.46586e+07
9576 1.46748e+07
9590 1.46651e+07
9604 1.46417e+07
9618 1.46645e+07
9632 1.46809e+07
9646 1.46668e+07
9660 1.465e+07
9674 1.46521e+07
9688 1.46666e+07
9702 1.46703e+07
9716 1.46758e+07
9730 1.46592e+07
9744 1.46451e+07
9758 1.46706e+07
9772 1.46705e+07
9786 1.4647e+07
9800 1.46495e+07
9814 1.46656e+07
9828 1.46709e+07
9842 1.46496e+07
9856 1.46452e+07
9870 1.46577e+07
9884 1.46452e+07
9898 1.46537e+07
9912 1.46703e+07
9926 1.46512e+07
9940 1.46443e+07
9954 1.46882e+07
9968 1.46776e+07
9982 1.46427e+07
9996 1.46534e+07
10010 1.46654e+07
10024 1.4663e+07
10038 1.4659e+07
10052 1.46534e+07
10066 1.46664e+07
10080 1.46864e+07
10094 1.46794e+07
10108 1.46625e+07
10122 1.46576e+07
10136 1.46538e+07
10150 1.46543e+07
10164 1.46772e+07
10178 1.46888e+07
10192 1.46672e+07
10206 1.46538e+07
10220 1.46672e+07
10234 1.46659e+07
10248 1.46637e+07
10262 1.46582e+07
10276 1.46627e+07
10290 1.46782e+07
10304 1.46727e+07
10318 1.46755e+07
10332 1.46777e+07
10346 1.46689e+07
10360 1.4676e+07
10374 1.4678e+07
10388 1.46517e+07
10402 1.46478e+07
10416 1.46724e+07
10430 1.46606e+07
10444 1.46512e+07
10458 1.46758e+07
10472 1.46769e+07
10486 1.46608e+07
10500 1.46694e+07
10514 1.46686e+07
10528 1.46501e+07
10542 1.46644e+07
10556 1.46781e+07
10570 1.4662e+07
10584 1.46554e+07
10598 1.46641e+07
10612 1.46508e+07
10626 1.46457e+07
10640 1.46546e+07
10654 1.46448e+07
10668 1.46542e+07
10682 1.46724e+07
10696 1.46449e+07
10710 1.46403e+07
10724 1.46752e+07
10738 1.46517e+07
10752 1.46332e+07
10766 1.46633e+07
10780 1.46625e+07
10794 1.46407e+07
10808 1.4649e+07
10822 1.46627e+07
10836 1.46458e+07
10850 1.4629e+07
10864 1.46564e+07
10878 1.46576e+07
10892 1.46236e+07
10906 1.46484e+07
10920 1.46666e+07
10934 1.46329e+07
10948 1.46437e+07
10962 1.46624e+07
10976 1.46538e+07
10990 1.46452e+07
11004 1.4641e+07
11018 1.46499e+07
11032 1.46403e+07
11046 1.46266e+07
11060 1.46423e+07
11074 1.4643e+07
11088 1.46207e+07
11102 1.46369e+07
11116 1.46569e+07
11130 1.46237e+07
11144 1.46258e+07
11158 1.46533e+07
11172 1.46287e+07
11186 1.46293e+07
11200 1.4652e+07
11214 1.46377e+07
11228 1.46262e+07
11242 1.46405e+07
11256 1.46382e+07
11270 1.46238e+07
11284 1.46273e+07
11298 1.46396e+07
11312 1.46314e+07
11326 1.46269e+07
11340 1.46407e+07
11354 1.46366e+07
11368 1.4634e+07
11382 1.46437e+07
11396 1.46434e+07
11410 1.46363e+07
11424 1.4642e+07
11438 1.46437e+07
11452 1.46409e+07
11466 1.46485e+07
11480 1.46483e+07
11494 1.46406e+07
11508 1.46564e+07
11522 1.46585e+07
11536 1.4653e+07
11550 1.46811e+07
11564 1.46822e+07
11578 1.4681e+07
11592 1.4716e+07
11606 1.47162e+07
11620 1.4703e+07
11634 1.47202e+07
11648 1.47186e+07
11662 1.47006e+07
11676 1.4709e+07
11690 1.47128e+07
11704 1.4696e+07
11718 1.46969e+07
11732 1.47019e+07
11746 1.46969e+07
11760 1.46974e+07
11774 1.46979e+07
11788 1.47024e+07
11802 1.46988e+07
11816 1.4692e+07
11830 1.47106e+07
11844 1.47157e+07
11858 1.47015e+07
11872 1.4711e+07
11886 1.47122e+07
11900 1.46937e+07
11914 1.47062e+07
11928 1.47112e+07
11942 1.46923e+07
11956 1.46952e+07
11970 1.47012e+07
11984 1.46907e+07
11998 1.46897e+07
12012 1.47e+07
12026 1.4693e+07
12040 1.46852e+07
12054 1.46945e+07
12068 1.46912e+07
12082 1.46775e+07
12096 1.46873e+07
12110 1.46878e+07
12124 1.46744e+07
12138 1.46846e+07
12152 1.46896e+07
12166 1.46759e+07
12180 1.46848e+07
12194 1.4688e+07
12208 1.46735e+07
12222 1.46799e+07
12236 1.4692e+07
12250 1.46783e+07
12264 1.46817e+07
12278 1.46923e+07
12292 1.46771e+07
12306 1.46817e+07
12320 1.46936e+07
12334 1.46798e+07
12348 1.46862e+07
12362 1.46976e+07
12376 1.46865e+07
12390 1.46896e+07
12404 1.46901e+07
12418 1.4686e+07
12432 1.46856e+07
12446 1.46835e+07
12460 1.46918e+07
12474 1.46962e+07
12488 1.47e+07
12502 1.4709e+07
12516 1.47064e+07
12530 1.47005e+07
12544 1.47059e+07
12558 1.46998e+07
12572 1.46882e+07
12586 1.46917e+07
12600 1.46818e+07
12614 1.46713e+07
12628 1.46812e+07
12642 1.46823e+07
12656 1.46761e+07
12670 1.46904e+07
12684 1.47001e+07
12698 1.46981e+07
12712 1.4705e+07
12726 1.47161e+07
12740 1.47049e+07
12754 1.46996e+07
12768 1.47091e+07
12782 1.4699e+07
12796 1.46974e+07
12810 1.4714e+07
12824 1.47e+07
12838 1.46906e+07
12852 1.47046e+07
12866 1.46985e+07
12880 1.46899e+07
12894 1.47058e+07
12908 1.47039e+07
12922 1.4694e+07
12936 1.47165e+07
12950 1.47141e+07
12964 1.47001e+07
12978 1.4706e+07
12992 1.47008e+07
13006 1.46959e+07
13020 1.46979e+07
13034 1.46817e+07
13048 1.46836e+07
13062 1.46903e+07
13076 1.46796e+07
13090 1.46797e+07
13104 1.46795e+07
13118 1.46694e+07
13132 1.46748e+07
13146 1.46706e+07
13160 1.46618e+07
13174 1.46808e+07
13188 1.46812e+07
13202 1.46783e+07
13216 1.46993e+07
13230 1.46979e+07
13244 1.46891e+07
13258 1.47078e+07
13272 1.47072e+07
13286 1.47059e+07
13300 1.47224e+07
13314 1.47174e+07
13328 1.47135e+07
13342 1.47244e+07
13356 1.47077e+07
13370 1.47026e+07
13384 1.47128e+07
13398 1.46982e+07
13412 1.47023e+07
13426 1.47213e+07
13440 1.4719e+07
13454 1.47432e+07
13468 1.4771e+07
13482 1.47603e+07
13496 1.47642e+07
13510 1.47629e+07
13524 1.47291e+07
13538 1.47266e+07
13552 1.47243e+07
13566 1.47034e+07
13580 1.47101e+07
13594 1.47219e+07
13608 1.47087e+07
13622 1.47239e+07
13636 1.47456e+07
13650 1.47296e+07
13664 1.47287e+07
13678 1.47359e+07
13692 1.47141e+07
13706 1.47106e+07
13720 1.47189e+07
13734 1.4708e+07
13748 1.47137e+07
13762 1.47261e+07
13776 1.47186e+07
13790 1.47221e+07
13804 1.47249e+07
13818 1.47143e+07
13832 1.47159e+07
13846 1.47091e+07
13860 1.4708e+07
13874 1.47148e+07
13888 1.47114e+07
13902 1.47205e+07
13916 1.47397e+07
13930 1.47398e+07
13944 1.47404e+07
13958 1.47453e+07
13972 1.47375e+07
13986 1.47301e+07
14000 1.47359e+07
14014 1.4742e+07
14028 1.47459e+07
14042 1.47589e+07
14056 1.47662e+07
14070 1.47696e+07
14084 1.47699e+07
14098 1.47663e+07
14112 1.47549e+07
14126 1.47505e+07
14140 1.4748e+07
14154 1.47466e+07
14168 1.47515e+07
14182 1.47517e+07
14196 1.47465e+07
14210 1.47463e+07
14224 1.47581e+07
14238 1.47641e+07
14252 1.47594e+07
14266 1.47622e+07
14280 1.4761e+07
14294 1.47538e+07
14308 1.47523e+07
14322 1.47556e+07
14336 1.47592e+07
14350 1.4761e+07
14364 1.47616e+07
14378 1.47582e+07
14392 1.47566e+07
14406 1.47628e+07
14420 1.47633e+07
14434 1.47668e+07
14448 1.47719e+07
14462 1.47619e+07
14476 1.47649e+07
14490 1.47701e+07
14504 1.47586e+07
14518 1.47625e+07
14532 1.47701e+07
14546 1.47631e+07
14560 1.47584e+07
14574 1.47583e+07
14588 1.47575e+07
14602 1.47509e+07
14616 1.47564e+07
14630 1.47646e+07
14644 1.47528e+07
14658 1.47469e+07
14672 1.47572e+07
14686 1.47519e+07
14700 1.47453e+07
14714 1.47519e+07
14728 1.47452e+07
14742 1.47455e+07
14756 1.47511e+07
14770 1.47442e+07
14784 1.47431e+07
14798 1.47505e+07
14812 1.47469e+07
14826 1.47439e+07
14840 1.47438e+07
14854 1.47439e+07
14868 1.47447e+07
14882 1.47407e+07
14896 1.47416e+07
14910 1.47515e+07
14924 1.47514e+07
14938 1.4744e+07
14952 1.47427e+07
14966 1.47389e+07
14980 1.47352e+07
14994 1.47419e+07
15008 1.47454e+07
15022 1.47453e+07
15036 1.47533e+07
15050 1.47523e+07
15064 1.47438e+07
15078 1.47442e+07
15092 1.47448e+07
15106 1.47418e+07
15120 1.4744e+07
15134 1.47466e+07
15148 1.47461e+07
15162 1.47439e+07
15176 1.47486e+07
15190 1.47412e+07
15204 1.47383e+07
15218 1.47477e+07
15232 1.47408e+07
15246 1.4741e+07
15260 1.47539e+07
15274 1.47408e+07
15288 1.47418e+07
15302 1.47572e+07
15316 1.47449e+07
15330 1.47498e+07
15344 1.47612e+07
15358 1.47484e+07
15372 1.47485e+07
15386 1.47548e+07
15400 1.4747e+07
15414 1.47547e+07
15428 1.47611e+07
15442 1.47503e+07
15456 1.4755e+07
15470 1.47622e+07
15484 1.47537e+07
15498 1.47595e+07
15512 1.4764e+07
15526 1.47563e+07
15540 1.47551e+07
15554 1.47603e+07
15568 1.47594e+07
15582 1.47582e+07
15596 1.47613e+07
15610 1.47638e+07
15624 1.47645e+07
15638 1.47621e+07
15652 1.476e+07
15666 1.47634e+07
15680 1.47631e+07
15694 1.47615e+07
15708 1.47655e+07
15722 1.47665e+07
15736 1.4763e+07
15750 1.47632e+07
15764 1.47675e+07
15778 1.47667e+07
15792 1.47678e+07
15806 1.47755e+07
15820 1.47715e+07
15834 1.47663e+07
15848 1.47705e+07
15862 1.477e+07
15876 1.47691e+07
15890 1.47713e+07
15904 1.47708e+07
15918 1.47728e+07
15932 1.47768e+07
15946 1.47758e+07
15960 1.47695e+07
15974 1.47697e+07
15988 1.47722e+07
16002 1.47624e+07
16016 1.4765e+07
16030 1.47733e+07
16044 1.47692e+07
16058 1.47706e+07
16072 1.47703e+07
16086 1.47696e+07
16100 1.47682e+07
16114 1.4768e+07
16128 1.47715e+07
16142 1.477e+07
16156 1.47692e+07
16170 1.47699e+07
16184 1.47666e+07
16198 1.47706e+07
16212 1.47746e+07
16226 1.47725e+07
16240 1.47732e+07
16254 1.47744e+07
16268 1.47757e+07
16282 1.47788e+07
16296 1.47814e+07
16310 1.47856e+07
16324 1.4795e+07
16338 1.4799e+07
16352 1.4806e+07
16366 1.48148e+07
16380 1.4817e+07
16394 1.48196e+07
16408 1.4826e+07
16422 1.48285e+07
16436 1.48287e+07
16450 1.48329e+07
16464 1.48375e+07
16478 1.48392e+07
16492 1.4838e+07
16506 1.48379e+07
16520 1.48424e+07
16534 1.48434e+07
16548 1.4841e+07
16562 1.4843e+07
16576 1.48441e+07
16590 1.4846e+07
16604 1.48461e+07
16618 1.48421e+07
16632 1.48402e+07
16646 1.48399e+07
16660 1.48373e+07
16674 1.48372e+07
16688 1.48346e+07
16702 1.48282e+07
16716 1.48311e+07
16730 1.48319e+07
16744 1.48271e+07
16758 1.48244e+07
16772 1.48262e+07
16786 1.483e+07
16800 1.48285e+07
16814 1.48271e+07
16828 1.48288e+07
16842 1.48273e+07
16856 1.48295e+07
16870 1.48333e+07
16884 1.48272e+07
16898 1.48299e+07
16912 1.48344e+07
16926 1.48293e+07
16940 1.48307e+07
16954 1.48318e+07
16968 1.48321e+07
16982 1.48349e+07
16996 1.48331e+07
17010 1.48384e+07
17024 1.48387e+07
17038 1.48385e+07
17052 1.48476e+07
17066 1.48449e+07
17080 1.48431e+07
17094 1.4847e+07
17108 1.48465e+07
17122 1.48494e+07
17136 1.4851e+07
17150 1.48522e+07
17164 1.48564e+07
17178 1.48586e+07
17192 1.4859e+07
17206 1.4857e+07
17220 1.48579e+07
17234 1.48587e+07
17248 1.48573e+07
17262 1.48611e+07
17276 1.48689e+07
17290 1.48732e+07
17304 1.48753e+07
17318 1.48843e+07
17332 1.48898e+07
17346 1.4885e+07
17360 1.48842e+07
17374 1.48832e+07
17388 1.48781e+07
17402 1.48785e+07
17416 1.48773e+07
17430 1.48742e+07
17444 1.48782e+07
17458 1.48815e+07
17472 1.4883e+07
17486 1.48842e+07
17500 1.4881e+07
17514 1.48809e+07
17528 1.48813e+07
17542 1.48781e+07
17556 1.48792e+07
17570 1.48786e+07
17584 1.48733e+07
17598 1.48707e+07
17612 1.4871e+07
17626 1.48693e+07
17640 1.4868e+07
17654 1.48699e+07
17668 1.48682e+07
17682 1.48676e+07
17696 1.48695e+07
17710 1.4869e+07
17724 1.4874e+07
17738 1.48747e+07
17752 1.48701e+07
17766 1.48665e+07
17780 1.48634e+07
17794 1.48603e+07
17808 1.48525e+07
17822 1.48484e+07
17836 1.48491e+07
17850 1.48468e+07
17864 1.48473e+07
17878 1.48491e+07
17892 1.48493e+07
17906 1.48535e+07
17920 1.48606e+07
17934 1.48671e+07
17948 1.48698e+07
17962 1.48726e+07
17976 1.48828e+07
17990 1.48866e+07
18004 1.48834e+07
18018 1.48805e+07
18032 1.48782e+07
18046 1.48741e+07
18060 1.48704e+07
18074 1.4869e+07
18088 1.4865e+07
18102 1.48629e+07
18116 1.48658e+07
18130 1.4866e+07
18144 1.4869e+07
18158 1.48741e+07
18172 1.48747e+07
18186 1.48751e+07
18200 1.4879e+07
18214 1.48798e+07
18228 1.48734e+07
18242 1.48666e+07
18256 1.48654e+07
18270 1.48609e+07
18284 1.48599e+07
18298 1.48651e+07
18312 1.48641e+07
18326 1.48654e+07
18340 1.48693e+07
18354 1.48634e+07
18368 1.48602e+07
18382 1.4859e+07
18396 1.48554e+07
18410 1.48552e+07
18424 1.48543e+07
18438 1.4854e+07
18452 1.48567e+07
18466 1.48533e+07
18480 1.48546e+07
18494 1.48627e+07
18508 1.48658e+07
18522 1.48665e+07
18536 1.48721e+07
18550 1.48775e+07
18564 1.48705e+07
18578 1.48634e+07
18592 1.48604e+07
18606 1.48491e+07
18620 1.48435e+07
18634 1.48437e+07
18648 1.48462e+07
18662 1.4849e+07
18676 1.48516e+07
18690 1.48606e+07
18704 1.48667e+07
18718 1.48686e+07
18732 1.48765e+07
18746 1.48739e+07
18760 1.4865e+07
18774 1.48626e+07
18788 1.4859e+07
18802 1.48536e+07
18816 1.4847e+07
18830 1.48442e+07
18844 1.4845e+07
18858 1.48396e+07
18872 1.48384e+07
18886 1.48398e+07
18900 1.48392e+07
18914 1.48397e+07
18928 1.48368e+07
18942 1.48369e+07
18956 1.48445e+07
18970 1.48461e+07
18984 1.48458e+07
18998 1.48496e+07
19012 1.48471e+07
19026 1.48432e+07
19040 1.48454e+07
19054 1.4842e+07
19068 1.48397e+07
19082 1.48476e+07
19096 1.4851e+07
19110 1.48503e+07
19124 1.48572e+07
19138 1.48646e+07
19152 1.48654e+07
19166 1.48643e+07
19180 1.48661e+07
19194 1.48644e+07
19208 1.4863e+07
19222 1.48607e+07
19236 1.48543e+07
19250 1.48534e+07
19264 1.48512e+07
19278 1.48477e+07
19292 1.48531e+07
19306 1.48511e+07
19320 1.48501e+07
19334 1.48522e+07
19348 1.48515e+07
19362 1.4857e+07
19376 1.48542e+07
19390 1.48504e+07
19404 1.48559e+07
19418 1.48536e+07
19432 1.48486e+07
19446 1.4846e+07
19460 1.48429e+07
19474 1.48437e+07
19488 1.48466e+07
19502 1.4846e+07
19516 1.48442e+07
19530 1.48474e+07
19544 1.48457e+07
19558 1.48394e+07
19572 1.48401e+07
19586 1.48413e+07
19600 1.48404e+07
19614 1.484e+07
19628 1.48369e+07
19642 1.48381e+07
19656 1.48387e+07
19670 1.48376e+07
19684 1.48428e+07
19698 1.48425e+07
19712 1.48398e+07
19726 1.48417e+07
19740 1.48422e+07
19754 1.4841e+07
19768 1.48423e+07
19782 1.48432e+07
19796 1.48402e+07
19810 1.48401e+07
19824 1.48428e+07
19838 1.48402e+07
19852 1.48402e+07
19866 1.48426e+07
19880 1.48405e+07
19894 1.48427e+07
19908 1.48416e+07
19922 1.48396e+07
19936 1.48446e+07
19950 1.48401e+07
19964 1.48394e+07
19978 1.48466e+07
19992 1.48405e+07
20006 1.48409e+07
20020 1.48476e+07
20034 1.48437e+07
20048 1.48426e+07
20062 1.48458e+07
20076 1.48452e+07
20090 1.48407e+07
20104 1.48414e+07
20118 1.48455e+07
20132 1.48397e+07
20146 1.48399e+07
20160 1.48455e+07
20174 1.4839e+07
20188 1.48386e+07
20202 1.48449e+07
20216 1.48416e+07
20230 1.48419e+07
20244 1.4845e+07
20258 1.4844e+07
20272 1.48448e+07
20286 1.48443e+07
20300 1.48438e+07
20314 1.48429e+07
20328 1.48416e+07
20342 1.48442e+07
20356 1.48439e+07
20370 1.48373e+07
20384 1.48401e+07
20398 1.48432e+07
20412 1.48367e+07
20426 1.48399e+07
20440 1.4842e+07
20454 1.48358e+07
20468 1.48377e+07
20482 1.48385e+07
20496 1.48352e+07
20510 1.48352e+07
20524 1.48348e+07
20538 1.48323e+07
20552 1.48299e+07
20566 1.48274e+07
20580 1.4823e+07
20594 1.48222e+07
20608 1.4825e+07
20622 1.48225e+07
20636 1.48212e+07
20650 1.48223e+07
20664 1.48187e+07
20678 1.48173e+07
20692 1.48157e+07
20706 1.48091e+07
20720 1.48075e+07
20734 1.48052e+07
20748 1.47978e+07
20762 1.47916e+07
20776 1.47837e+07
20790 1.4782e+07
20804 1.47814e+07
20818 1.47768e+07
20832 1.47772e+07
20846 1.47781e+07
20860 1.47743e+07
20874 1.47748e+07
20888 1.47742e+07
20902 1.47664e+07
20916 1.47584e+07
20930 1.47512e+07
20944 1.47409e+07
20958 1.47311e+07
20972 1.47187e+07
20986 1.47066e+07
21000 1.47019e+07
21014 1.46949e+07
21028 1.46946e+07
21042 1.47011e+07
21056 1.46946e+07
21070 1.46916e+07
21084 1.46967e+07
21098 1.469e+07
21112 1.46821e+07
21126 1.46741e+07
21140 1.46607e+07
21154 1.46477e+07
21168 1.46306e+07
21182 1.46065e+07
21196 1.45799e+07
21210 1.45562e+07
21224 1.45393e+07
21238 1.45359e+07
21252 1.45297e+07
21266 1.45201e+07
21280 1.45105e+07
21294 1.45033e+07
21308 1.45023e+07
21322 1.44915e+07
21336 1.44694e+07
21350 1.44582e+07
21364 1.44342e+07
21378 1.4401e+07
21392 1.43781e+07
21406 1.43372e+07
21420 1.42906e+07
21434 1.42533e+07
21448 1.42311e+07
21462 1.42239e+07
21476 1.42073e+07
21490 1.41689e+07
21504 1.41472e+07
21518 1.41421e+07
21532 1.41371e+07
21546 1.41115e+07
21560 1.40879e+07
21574 1.40641e+07
21588 1.40207e+07
21602 1.39782e+07
21616 1.3938e+07
21630 1.38746e+07
21644 1.38216e+07
21658 1.37824e+07
21672 1.37666e+07
21686 1.37591e+07
21700 1.37213e+07
21714 1.36573e+07
21728 1.36155e+07
21742 1.35986e+07
21756 1.35886e+07
21770 1.35702e+07
21784 1.35461e+07
21798 1.35109e+07
21812 1.3451e+07
21826 1.33902e+07
21840 1.33187e+07
21854 1.32497e+07
21868 1.31773e+07
21882 1.31294e+07
21896 1.31168e+07
21910 1.30938e+07
21924 1.30114e+07
21938 1.29226e+07
21952 1.28837e+07
21966 1.28666e+07
21980 1.28349e+07
21994 1.28122e+07
22008 1.27948e+07
22022 1.27577e+07
22036 1.27088e+07
22050 1.26329e+07
22064 1.25226e+07
22078 1.24299e+07
22092 1.23325e+07
22106 1.22656e+07
22120 1.22536e+07
22134 1.21987e+07
22148 1.20247e+07
22162 1.18793e+07
22176 1.18311e+07
22190 1.18036e+07
22204 1.1728e+07
22218 1.16594e+07
22232 1.16185e+07
22246 1.15491e+07
22260 1.14699e+07
22274 1.13985e+07
22288 1.12934e+07
22302 1.11925e+07
22316 1.11228e+07
22330 1.10874e+07
22344 1.10677e+07
22358 1.09734e+07
22372 1.08091e+07
22386 1.06807e+07
22400 1.05756e+07
22414 1.04695e+07
22428 1.03721e+07
22442 1.02988e+07
22456 1.02301e+07
22470 1.01827e+07
22484 1.01456e+07
22498 1.00857e+07
22512 1.00215e+07
22526 9.95461e+06
22540 9.91023e+06
22554 9.89948e+06
22568 9.87343e+06
22582 9.79644e+06
22596 9.69806e+06
22610 9.55433e+06
22624 9.33175e+06
22638 9.10637e+06
22652 8.98322e+06
22666 8.83793e+06
22680 8.6797e+06
22694 8.59191e+06
22708 8.526e+06
22722 8.48153e+06
22736 8.45568e+06
22750 8.44564e+06
22764 8.44329e+06
22778 8.4228e+06
22792 8.33305e+06
22806 8.17495e+06
22820 7.97792e+06
22834 7.81215e+06
22848 7.64615e+06
22862 7.47271e+06
22876 7.33634e+06
22890 7.18032e+06
22904 7.02805e+06
22918 6.91956e+06
22932 6.81832e+06
22946 6.7485e+06
22960 6.73096e+06
22974 6.71708e+06
22988 6.67822e+06
23002 6.53455e+06
23016 6.24559e+06
23030 5.90676e+06
23044 5.7051e+06
23058 5.58823e+06
23072 5.46243e+06
23086 5.31014e+06
23100 5.2082e+06
23114 5.15616e+06
23128 5.11607e+06
23142 5.10066e+06
23156 5.10088e+06
23170 5.09828e+06
23184 5.0822e+06
23198 5.03939e+06
23212 4.91137e+06
23226 4.69308e+06
23240 4.46221e+06
23254 4.26039e+06
23268 4.11327e+06
23282 4.00643e+06
23296 3.94961e+06
23310 3.89576e+06
23324 3.84073e+06
23338 3.81352e+06
23352 3.81031e+06
23366 3.80394e+06
23380 3.74005e+06
23394 3.58786e+06
23408 3.30959e+06
23422 2.92368e+06
23436 2.61803e+06
23450 2.42353e+06
23464 2.3139e+06
23478 2.24071e+06
23492 2.19968e+06
23506 2.15543e+06
23520 2.12345e+06
23534 2.11487e+06
23548 2.09251e+06
23562 1.98137e+06
23576 1.74741e+06
23590 1.51886e+06
23604 1.4121e+06
23618 1.38402e+06
23632 1.371e+06
23646 1.35443e+06
23660 1.3362e+06
23674 1.32722e+06
23688 1.31872e+06
23702 1.31117e+06
23716 1.31254e+06
23730 1.3035e+06
23744 1.27494e+06
23758 1.21327e+06
23772 1.11705e+06
23786 1.06087e+06
23800 1.0117e+06
23814 970139
23828 930013
23842 898555
23856 869977
23870 859398
23884 856186
23898 818038
23912 756048
23926 710523
23940 687206
23954 658972
23968 634402
23982 620204
23996 592005
24010 562326
24024 544359
24038 532813
24052 527368
24066 525600
24080 518957
24094 510356
24108 511118
24122 509549
24136 499280
24150 485542
24164 471988
24178 452328
24192 443590
24206 433530
24220 427375
24234 432653
24248 432779
24262 426435
24276 426566
24290 425303
24304 418238
24318 413532
24332 406299
24346 401952
24360 405095
24374 401982
24388 394645
24402 394093
24416 388310
24430 381452
24444 380215
24458 374163
24472 370833
24486 370305
24500 366010
24514 366649
24528 366674
24542 362113
24556 362735
24570 362677
24584 360879
24598 365061
24612 368645
24626 368654
24640 370869
24654 372298
24668 368016
24682 364773
24696 361169
24710 360846
24724 364745
24738 361445
24752 358157
24766 361076
24780 358913
24794 359253
24808 363380
24822 359344
24836 359134
24850 361938
24864 353465
24878 350634
24892 350280
24906 340883
24920 340035
24934 342060
24948 337410
24962 340529
24976 341949
24990 338381
25004 341581
25018 341960
25032 339706
25046 342982
25060 342391
25074 337931
25088 338415
25102 340384
25116 341452
25130 343057
25144 341998
25158 339337
25172 339524
25186 338261
25200 336234
25214 339742
25228 341572
25242 338436
25256 340032
25270 340904
25284 338190
25298 338465
25312 338796
25326 336281
25340 337817
25354 338948
25368 338211
25382 338844
25396 337577
25410 337913
25424 339049
25438 337200
25452 337049
25466 336478
25480 335005
25494 334798
25508 336293
25522 335468
25536 336396
25550 338842
25564 336507
25578 335194
25592 336753
25606 336168
25620 336517
25634 338017
25648 336849
25662 335682
25676 337232
25690 337565
25704 338054
25718 341524
25732 342182
25746 341838
25760 344038
25774 344954
25788 347960
25802 352598
25816 356133
25830 359868
25844 363315
25858 367880
25872 372220
25886 375155
25900 379316
25914 383084
25928 383031
25942 385476
25956 391726
25970 390002
25984 386952
25998 390008
26012 389658
26026 388606
26040 391991
26054 390643
26068 388271
26082 389365
26096 386073
26110 384922
26124 385693
26138 380512
26152 379371
26166 379905
26180 375462
26194 377702
26208 380000
26222 375008
26236 374281
26250 374162
26264 369846
26278 370199
26292 371691
26306 369343
26320 369702
26334 370498
26348 370728
26362 370254
26376 369188
26390 370516
26404 370220
26418 368875
26432 371714
26446 373914
26460 372547
26474 374448
26488 375246
26502 372945
26516 375258
26530 376986
26544 375599
26558 375439
26572 372904
26586 372917
26600 376201
26614 374912
26628 373860
26642 376840
26656 375187
26670 375723
26684 378528
26698 376487
26712 377217
26726 385152
26740 388052
26754 390832
26768 397270
26782 399281
26796 402321
26810 408256
26824 408460
26838 409162
26852 412281
26866 408041
26880 408032
26894 409792
26908 401892
26922 396958
26936 396047
26950 391163
26964 390050
26978 391145
26992 386091
27006 382525
27020 381733
27034 378999
27048 378845
27062 381418
27076 378382
27090 377750
27104 380508
27118 377281
27132 377583
27146 379495
27160 373771
27174 371911
27188 372371
27202 369280
27216 369108
27230 369526
27244 368814
27258 370781
27272 369921
27286 369473
27300 369891
27314 366106
27328 365172
27342 367843
27356 366781
27370 368483
27384 372895
27398 371998
27412 370813
27426 373140
27440 371929
27454 370821
27468 373721
27482 374331
27496 376195
27510 379114
27524 377180
27538 374732
27552 379310
27566 382336
27580 380330
27594 385119
27608 388940
27622 385172
27636 386402
27650 387182
27664 381976
27678 380256
27692 377603
27706 372139
27720 372627
27734 371746
27748 368365
27762 370097
27776 370323
27790 368803
27804 370634
27818 370821
27832 367786
27846 363920
27860 362268
27874 364035
27888 364388
27902 365545
27916 368604
27930 369398
27944 369148
27958 371001
27972 371249
27986 367948
28000 365938
28014 364592
28028 360860
28042 357518
28056 358902
28070 359922
28084 358621
28098 360315
28112 360647
28126 359276
28140 361564
28154 361984
28168 357944
28182 358193
28196 362526
28210 363955
28224 364695
28238 368113
28252 369980
28266 368228
28280 366677
28294 367079
28308 363847
28322 360551
28336 359953
28350 356189
28364 353957
28378 355395
28392 354605
28406 356353
28420 361327
28434 360801
28448 359267
28462 363007
28476 361567
28490 357587
28504 361049
28518 360870
28532 358017
28546 360459
28560 359195
28574 355028
28588 355079
28602 352866
28616 350692
28630 351984
28644 351013
28658 351172
28672 354734
28686 354021
28700 349977
28714 348025
28728 345695
28742 344593
28756 346876
28770 348615
28784 352044
28798 358182
28812 362693
28826 366046
28840 371863
28854 372384
28868 366786
28882 362724
28896 357050
28910 349554
28924 346582
28938 343829
28952 340014
28966 341379
28980 342231
28994 342590
29008 343722
29022 340259
29036 338293
29050 337641
29064 337111
29078 340593
29092 341986
29106 343041
29120 348679
29134 349529
29148 349636
29162 352557
29176 348152
29190 344139
29204 342737
29218 337778
29232 336680
29246 336984
29260 334910
29274 336105
29288 338174
29302 335888
29316 336566
29330 338080
29344 334206
29358 331891
29372 333692
29386 331231
29400 330048
29414 334685
29428 334703
29442 332057
29456 334330
29470 334295
29484 331844
29498 334796
29512 337476
29526 336714
29540 338731
29554 340235
29568 337096
29582 339471
29596 341065
29610 334709
29624 335081
29638 337045
29652 332455
29666 334573
29680 338059
29694 333254
29708 335589
29722 342069
29736 340715
29750 342427
29764 345887
29778 343031
29792 343218
29806 342296
29820 336036
29834 336269
29848 337730
29862 332952
29876 333889
29890 337877
29904 338518
29918 339992
29932 340951
29946 341238
29960 340483
29974 337955
