0 3.53017e+07
23 3.53017e+07
46 3.53017e+07
69 3.53017e+07
92 3.53017e+07
115 3.53017e+07
138 3.53017e+07
161 3.53017e+07
184 3.53017e+07
207 3.53017e+07
230 3.53017e+07
253 3.53017e+07
276 3.53017e+07
299 3.53017e+07
322 3.53017e+07
345 3.53017e+07
368 3.53017e+07
391 3.53017e+07
414 3.53017e+07
437 3.53017e+07
460 3.53017e+07
483 3.53017e+07
506 3.53017e+07
529 3.53017e+07
552 3.53017e+07
575 3.53017e+07
598 3.53017e+07
621 3.53017e+07
644 3.53017e+07
667 3.53017e+07
690 3.53018e+07
713 3.53017e+07
736 3.53018e+07
759 3.53018e+07
782 3.53018e+07
805 3.53018e+07
828 3.53018e+07
851 3.53018e+07
874 3.53018e+07
897 3.53018e+07
920 3.53018e+07
943 3.53018e+07
966 3.53018e+07
989 3.53018e+07
1012 3.53018e+07
1035 3.53018e+07
1058 3.53018e+07
1081 3.53018e+07
1104 3.53018e+07
1127 3.53018e+07
1150 3.53018e+07
1173 3.53018e+07
1196 3.53018e+07
1219 3.53018e+07
1242 3.53018e+07
1265 3.53018e+07
1288 3.53018e+07
1311 3.53018e+07
1334 3.53018e+07
1357 3.53018e+07
1380 3.53018e+07
1403 3.53018e+07
1426 3.53018e+07
1449 3.53018e+07
1472 3.53018e+07
1495 3.53018e+07
1518 3.53018e+07
1541 3.53018e+07
1564 3.53018e+07
1587 3.53018e+07
1610 3.53018e+07
1633 3.53018e+07
1656 3.53018e+07
1679 3.53018e+07
1702 3.53018e+07
1725 3.53018e+07
1748 3.53018e+07
1771 3.53018e+07
1794 3.53018e+07
1817 3.53018e+07
1840 3.53018e+07
1863 3.53018e+07
1886 3.53018e+07
1909 3.53018e+07
1932 3.53018e+07
1955 3.53018e+07
1978 3.53018e+07
2001 3.53018e+07
2024 3.53018e+07
2047 3.53018e+07
2070 3.53018e+07
2093 3.53018e+07
2116 3.53018e+07
2139 3.53018e+07
2162 3.53018e+07
2185 3.53018e+07
2208 3.53018e+07
2231 3.53018e+07
2254 3.53018e+07
2277 3.53018e+07
2300 3.53018e+07
2323 3.53018e+07
2346 3.53018e+07
2369 3.53018e+07
2392 3.53018e+07
2415 3.53018e+07
2438 3.53018e+07
2461 3.53018e+07
2484 3.53018e+07
2507 3.53018e+07
2530 3.53018e+07
2553 3.53018e+07
2576 3.53018e+07
2599 3.53018e+07
2622 3.53018e+07
2645 3.53018e+07
2668 3.53018e+07
2691 3.53018e+07
2714 3.53018e+07
2737 3.53018e+07
2760 3.53018e+07
2783 3.53018e+07
2806 3.53018e+07
2829 3.53018e+07
2852 3.53017e+07
2875 3.53018e+07
2898 3.53018e+07
2921 3.53017e+07
2944 3.53017e+07
2967 3.53018e+07
2990 3.53017e+07
3013 3.53016e+07
3036 3.53017e+07
3059 3.53018e+07
3082 3.53015e+07
3105 3.53015e+07
3128 3.53018e+07
3151 3.53015e+07
3174 3.53012e+07
3197 3.53016e+07
3220 3.53016e+07
3243 3.53011e+07
3266 3.53008e+07
3289 3.53018e+07
3312 3.53008e+07
3335 3.53e+07
3358 3.53011e+07
3381 3.53009e+07
3404 3.53003e+07
3427 3.52981e+07
3450 3.53011e+07
3473 3.52974e+07
3496 3.52966e+07
3519 3.52983e+07
3542 3.52976e+07
3565 3.52945e+07
3588 3.52882e+07
3611 3.52983e+07
3634 3.52865e+07
3657 3.52892e+07
3680 3.52807e+07
3703 3.52881e+07
3726 3.52734e+07
3749 3.52699e+07
3772 3.52822e+07
3795 3.52601e+07
3818 3.52612e+07
3841 3.52423e+07
3864 3.52789e+07
3887 3.51868e+07
3910 3.52186e+07
3933 3.51912e+07
3956 3.52023e+07
3979 3.49918e+07
4002 3.5045e+07
4025 3.51147e+07
4048 3.50137e+07
4071 3.47813e+07
4094 3.48662e+07
4117 3.50931e+07
4140 3.48662e+07
4163 3.4626e+07
4186 3.47869e+07
4209 3.50212e+07
4232 3.45262e+07
4255 3.4336e+07
4278 3.46883e+07
4301 3.48447e+07
4324 3.41208e+07
4347 3.40009e+07
4370 3.4507e+07
4393 3.45303e+07
4416 3.3628e+07
4439 3.35396e+07
4462 3.4233e+07
4485 3.41638e+07
4508 3.31063e+07
4531 3.29116e+07
4554 3.36632e+07
4577 3.38076e+07
4600 3.26277e+07
4623 3.20778e+07
4646 3.27561e+07
4669 3.32852e+07
4692 3.21979e+07
4715 3.132e+07
4738 3.19869e+07
4761 3.28093e+07
4784 3.20109e+07
4807 3.08238e+07
4830 3.08539e+07
4853 3.17118e+07
4876 3.15076e+07
4899 3.05211e+07
4922 2.96176e+07
4945 3.01981e+07
4968 3.06037e+07
4991 3.01934e+07
5014 2.93721e+07
5037 2.88376e+07
5060 2.92272e+07
5083 2.90446e+07
5106 2.82474e+07
5129 2.74425e+07
5152 2.72562e+07
5175 2.75409e+07
5198 2.73294e+07
5221 2.70942e+07
5244 2.6956e+07
5267 2.65051e+07
5290 2.65552e+07
5313 2.70132e+07
5336 2.73256e+07
5359 2.61896e+07
5382 2.544e+07
5405 2.56851e+07
5428 2.63804e+07
5451 2.62403e+07
5474 2.43645e+07
5497 2.38397e+07
5520 2.40915e+07
5543 2.50533e+07
5566 2.4597e+07
5589 2.31063e+07
5612 2.31252e+07
5635 2.39044e+07
5658 2.43771e+07
5681 2.37809e+07
5704 2.28394e+07
5727 2.30141e+07
5750 2.30891e+07
5773 2.38964e+07
5796 2.29221e+07
5819 2.23265e+07
5842 2.18816e+07
5865 2.20614e+07
5888 2.25984e+07
5911 2.20263e+07
5934 2.18521e+07
5957 2.13215e+07
5980 2.16245e+07
6003 2.19495e+07
6026 2.13989e+07
6049 2.15168e+07
6072 2.11504e+07
6095 2.1643e+07
6118 2.0957e+07
6141 2.08259e+07
6164 2.13015e+07
6187 2.11682e+07
6210 2.07871e+07
6233 1.98042e+07
6256 2.0983e+07
6279 2.14044e+07
6302 2.09695e+07
6325 1.96924e+07
6348 1.94522e+07
6371 2.0888e+07
6394 2.16196e+07
6417 2.0758e+07
6440 1.9042e+07
6463 1.91981e+07
6486 2.05684e+07
6509 2.16311e+07
6532 2.01616e+07
6555 1.90071e+07
6578 1.89544e+07
6601 2.0037e+07
6624 2.09514e+07
6647 2.06937e+07
6670 1.96583e+07
6693 1.91605e+07
6716 1.94638e+07
6739 2.12682e+07
6762 2.15706e+07
6785 1.97702e+07
6808 1.841e+07
6831 1.98141e+07
6854 2.20815e+07
6877 2.08919e+07
6900 1.93332e+07
6923 1.97504e+07
6946 2.17295e+07
6969 2.14138e+07
6992 2.0751e+07
7015 2.05143e+07
7038 2.10048e+07
7061 2.17065e+07
7084 2.16645e+07
7107 2.08294e+07
7130 2.08952e+07
7153 2.25517e+07
7176 2.24266e+07
7199 2.11559e+07
7222 2.13439e+07
7245 2.23989e+07
7268 2.25532e+07
7291 2.18564e+07
7314 2.14985e+07
7337 2.17694e+07
7360 2.29467e+07
7383 2.30845e+07
7406 2.19019e+07
7429 2.13338e+07
7452 2.23405e+07
7475 2.32938e+07
7498 2.28739e+07
7521 2.21042e+07
7544 2.18691e+07
7567 2.25133e+07
7590 2.33371e+07
7613 2.29765e+07
7636 2.2086e+07
7659 2.1641e+07
7682 2.19485e+07
7705 2.31338e+07
7728 2.30682e+07
7751 2.1964e+07
7774 2.1333e+07
7797 2.21109e+07
7820 2.31207e+07
7843 2.24819e+07
7866 2.16761e+07
7889 2.16189e+07
7912 2.2281e+07
7935 2.2851e+07
7958 2.26984e+07
7981 2.21596e+07
8004 2.20325e+07
8027 2.24708e+07
8050 2.28768e+07
8073 2.24505e+07
8096 2.19582e+07
8119 2.22575e+07
8142 2.30598e+07
8165 2.31474e+07
8188 2.25301e+07
8211 2.2285e+07
8234 2.26556e+07
8257 2.32129e+07
8280 2.32901e+07
8303 2.27468e+07
8326 2.24033e+07
8349 2.26315e+07
8372 2.32255e+07
8395 2.339e+07
8418 2.29067e+07
8441 2.26609e+07
8464 2.29103e+07
8487 2.32436e+07
8510 2.32279e+07
8533 2.29028e+07
8556 2.29266e+07
8579 2.32589e+07
8602 2.34659e+07
8625 2.35011e+07
8648 2.35225e+07
8671 2.36284e+07
8694 2.37038e+07
8717 2.37393e+07
8740 2.3821e+07
8763 2.38097e+07
8786 2.37564e+07
8809 2.37633e+07
8832 2.37373e+07
8855 2.37436e+07
8878 2.37745e+07
8901 2.37462e+07
8924 2.37374e+07
8947 2.37386e+07
8970 2.37281e+07
8993 2.37163e+07
9016 2.37211e+07
9039 2.37172e+07
9062 2.37259e+07
9085 2.3714e+07
9108 2.37223e+07
9131 2.37201e+07
9154 2.37111e+07
9177 2.3737e+07
9200 2.37027e+07
9223 2.37113e+07
9246 2.3721e+07
9269 2.37161e+07
9292 2.37049e+07
9315 2.37157e+07
9338 2.37154e+07
9361 2.3715e+07
9384 2.37033e+07
9407 2.37083e+07
9430 2.37107e+07
9453 2.37153e+07
9476 2.37053e+07
9499 2.37106e+07
9522 2.37141e+07
9545 2.37007e+07
9568 2.37063e+07
9591 2.37133e+07
9614 2.37127e+07
9637 2.37123e+07
9660 2.37183e+07
9683 2.37171e+07
9706 2.37093e+07
9729 2.37011e+07
9752 2.37108e+07
9775 2.37059e+07
9798 2.37048e+07
9821 2.36939e+07
9844 2.37005e+07
9867 2.3699e+07
9890 2.37028e+07
9913 2.36967e+07
9936 2.36917e+07
9959 2.36989e+07
9982 2.37029e+07
10005 2.36997e+07
10028 2.36979e+07
10051 2.37041e+07
10074 2.36954e+07
10097 2.37027e+07
10120 2.37047e+07
10143 2.37045e+07
10166 2.37037e+07
10189 2.37028e+07
10212 2.36993e+07
10235 2.36993e+07
10258 2.36941e+07
10281 2.3695e+07
10304 2.36982e+07
10327 2.37033e+07
10350 2.37055e+07
10373 2.37044e+07
10396 2.3699e+07
10419 2.36997e+07
10442 2.36991e+07
10465 2.37055e+07
10488 2.37015e+07
10511 2.37009e+07
10534 2.37126e+07
10557 2.37086e+07
10580 2.37076e+07
10603 2.37097e+07
10626 2.37087e+07
10649 2.3715e+07
10672 2.37167e+07
10695 2.37177e+07
10718 2.37202e+07
10741 2.37162e+07
10764 2.37118e+07
10787 2.37101e+07
10810 2.37158e+07
10833 2.37202e+07
10856 2.37188e+07
10879 2.37179e+07
10902 2.3717e+07
10925 2.37144e+07
10948 2.37101e+07
10971 2.37061e+07
10994 2.3715e+07
11017 2.37165e+07
11040 2.37135e+07
11063 2.37186e+07
11086 2.37201e+07
11109 2.37187e+07
11132 2.37179e+07
11155 2.37169e+07
11178 2.37199e+07
11201 2.3717e+07
11224 2.37129e+07
11247 2.37183e+07
11270 2.37245e+07
11293 2.37288e+07
11316 2.37285e+07
11339 2.37294e+07
11362 2.37395e+07
11385 2.3744e+07
11408 2.37375e+07
11431 2.37467e+07
11454 2.3737e+07
11477 2.37359e+07
11500 2.37371e+07
11523 2.37428e+07
11546 2.37389e+07
11569 2.3744e+07
11592 2.37472e+07
11615 2.37427e+07
11638 2.37476e+07
11661 2.3754e+07
11684 2.37557e+07
11707 2.37556e+07
11730 2.37565e+07
11753 2.37528e+07
11776 2.37534e+07
11799 2.37481e+07
11822 2.37503e+07
11845 2.37532e+07
11868 2.37622e+07
11891 2.37591e+07
11914 2.37574e+07
11937 2.37633e+07
11960 2.37626e+07
11983 2.37689e+07
12006 2.37875e+07
12029 2.37925e+07
12052 2.37882e+07
12075 2.38006e+07
12098 2.3813e+07
12121 2.3828e+07
12144 2.38408e+07
12167 2.38455e+07
12190 2.38532e+07
12213 2.38711e+07
12236 2.38894e+07
12259 2.3907e+07
12282 2.39281e+07
12305 2.39574e+07
12328 2.39724e+07
12351 2.39808e+07
12374 2.3998e+07
12397 2.40091e+07
12420 2.39954e+07
12443 2.39787e+07
12466 2.3986e+07
12489 2.40049e+07
12512 2.403e+07
12535 2.40286e+07
12558 2.4017e+07
12581 2.40225e+07
12604 2.40347e+07
12627 2.40487e+07
12650 2.40464e+07
12673 2.40609e+07
12696 2.40856e+07
12719 2.41022e+07
12742 2.40994e+07
12765 2.40917e+07
12788 2.40929e+07
12811 2.4105e+07
12834 2.41266e+07
12857 2.41515e+07
12880 2.41425e+07
12903 2.41082e+07
12926 2.41094e+07
12949 2.4124e+07
12972 2.41156e+07
12995 2.41027e+07
13018 2.41379e+07
13041 2.41646e+07
13064 2.41668e+07
13087 2.41817e+07
13110 2.41923e+07
13133 2.42074e+07
13156 2.42063e+07
13179 2.42048e+07
13202 2.42202e+07
13225 2.42699e+07
13248 2.42805e+07
13271 2.42738e+07
13294 2.42448e+07
13317 2.42217e+07
13340 2.42264e+07
13363 2.42212e+07
13386 2.42336e+07
13409 2.42402e+07
13432 2.42313e+07
13455 2.42082e+07
13478 2.42012e+07
13501 2.42094e+07
13524 2.42386e+07
13547 2.42256e+07
13570 2.41731e+07
13593 2.41437e+07
13616 2.41476e+07
13639 2.41608e+07
13662 2.4173e+07
13685 2.41513e+07
13708 2.41337e+07
13731 2.41041e+07
13754 2.40816e+07
13777 2.40496e+07
13800 2.40277e+07
13823 2.40073e+07
13846 2.39916e+07
13869 2.39633e+07
13892 2.39386e+07
13915 2.38765e+07
13938 2.38564e+07
13961 2.38545e+07
13984 2.38334e+07
14007 2.37695e+07
14030 2.37217e+07
14053 2.37024e+07
14076 2.36864e+07
14099 2.36114e+07
14122 2.35942e+07
14145 2.36097e+07
14168 2.35778e+07
14191 2.34592e+07
14214 2.33464e+07
14237 2.33249e+07
14260 2.33213e+07
14283 2.32199e+07
14306 2.30139e+07
14329 2.30099e+07
14352 2.30092e+07
14375 2.29078e+07
14398 2.26139e+07
14421 2.2493e+07
14444 2.24811e+07
14467 2.24244e+07
14490 2.21666e+07
14513 2.1962e+07
14536 2.19422e+07
14559 2.19283e+07
14582 2.17988e+07
14605 2.14782e+07
14628 2.13497e+07
14651 2.13427e+07
14674 2.132e+07
14697 2.11887e+07
14720 2.08588e+07
14743 2.07188e+07
14766 2.06961e+07
14789 2.06756e+07
14812 2.05736e+07
14835 2.01785e+07
14858 1.99015e+07
14881 1.9895e+07
14904 1.98666e+07
14927 1.98152e+07
14950 1.96075e+07
14973 1.92567e+07
14996 1.91254e+07
15019 1.91126e+07
15042 1.90492e+07
15065 1.90086e+07
15088 1.88243e+07
15111 1.84148e+07
15134 1.8298e+07
15157 1.82525e+07
15180 1.81665e+07
15203 1.80319e+07
15226 1.78425e+07
15249 1.75802e+07
15272 1.7501e+07
15295 1.72869e+07
15318 1.70686e+07
15341 1.68604e+07
15364 1.67549e+07
15387 1.67044e+07
15410 1.66853e+07
15433 1.64683e+07
15456 1.62504e+07
15479 1.61584e+07
15502 1.61045e+07
15525 1.60654e+07
15548 1.60308e+07
15571 1.57289e+07
15594 1.54398e+07
15617 1.53413e+07
15640 1.53154e+07
15663 1.52652e+07
15686 1.51753e+07
15709 1.50313e+07
15732 1.46838e+07
15755 1.45901e+07
15778 1.45738e+07
15801 1.44045e+07
15824 1.41738e+07
15847 1.41226e+07
15870 1.40949e+07
15893 1.40545e+07
15916 1.39707e+07
15939 1.38239e+07
15962 1.37617e+07
15985 1.37477e+07
16008 1.37115e+07
16031 1.36941e+07
16054 1.34969e+07
16077 1.32973e+07
16100 1.31988e+07
16123 1.31587e+07
16146 1.30382e+07
16169 1.2879e+07
16192 1.28023e+07
16215 1.26359e+07
16238 1.26159e+07
16261 1.25978e+07
16284 1.24369e+07
16307 1.22449e+07
16330 1.21885e+07
16353 1.21567e+07
16376 1.21369e+07
16399 1.2072e+07
16422 1.20413e+07
16445 1.19927e+07
16468 1.19095e+07
16491 1.18396e+07
16514 1.1831e+07
16537 1.17946e+07
16560 1.17804e+07
16583 1.17275e+07
16606 1.16781e+07
16629 1.15033e+07
16652 1.14681e+07
16675 1.13311e+07
16698 1.12759e+07
16721 1.12312e+07
16744 1.10164e+07
16767 1.09083e+07
16790 1.07281e+07
16813 1.06493e+07
16836 1.06286e+07
16859 1.05788e+07
16882 1.02864e+07
16905 1.00336e+07
16928 9.75813e+06
16951 9.72634e+06
16974 9.54615e+06
16997 8.80221e+06
17020 8.33971e+06
17043 8.27168e+06
17066 8.19317e+06
17089 7.93763e+06
17112 7.46771e+06
17135 7.35449e+06
17158 7.12477e+06
17181 7.06277e+06
17204 7.04434e+06
17227 6.98761e+06
17250 6.97385e+06
17273 6.89905e+06
17296 6.82262e+06
17319 6.55061e+06
17342 6.52199e+06
17365 6.46963e+06
17388 6.44467e+06
17411 6.38943e+06
17434 6.32046e+06
17457 6.27917e+06
17480 6.19123e+06
17503 6.14377e+06
17526 6.08883e+06
17549 6.01221e+06
17572 5.95251e+06
17595 5.95319e+06
17618 5.84994e+06
17641 5.83895e+06
17664 5.81344e+06
17687 5.8025e+06
17710 5.7953e+06
17733 5.73125e+06
17756 5.71962e+06
17779 5.71776e+06
17802 5.69891e+06
17825 5.67677e+06
17848 5.6573e+06
17871 5.64269e+06
17894 5.61501e+06
17917 5.60464e+06
17940 5.59928e+06
17963 5.5905e+06
17986 5.48322e+06
18009 5.11196e+06
18032 5.05898e+06
18055 4.76851e+06
18078 4.58441e+06
18101 4.52888e+06
18124 4.51335e+06
18147 4.48913e+06
18170 4.40185e+06
18193 4.16818e+06
18216 4.13841e+06
18239 4.05158e+06
18262 4.03922e+06
18285 4.01444e+06
18308 4.01136e+06
18331 4.0001e+06
18354 3.99121e+06
18377 3.98051e+06
18400 3.90954e+06
18423 3.78543e+06
18446 3.70801e+06
18469 3.63375e+06
18492 3.58524e+06
18515 3.54318e+06
18538 3.11049e+06
18561 2.94856e+06
18584 2.90147e+06
18607 2.76686e+06
18630 2.21322e+06
18653 1.67768e+06
18676 1.53797e+06
18699 1.16636e+06
18722 1.04215e+06
18745 933282
18768 877016
18791 827683
18814 811001
18837 798382
18860 786555
18883 786568
18906 788826
18929 754728
18952 749386
18975 733519
18998 720451
19021 696214
19044 674116
19067 666772
19090 659716
19113 660827
19136 669647
19159 669824
19182 670036
19205 663552
19228 650834
19251 655152
19274 651715
19297 652871
19320 641462
19343 632256
19366 625381
19389 618718
19412 608786
19435 586258
19458 582168
19481 585543
19504 597364
19527 602549
19550 601046
19573 602498
19596 588986
19619 572895
19642 552387
19665 534509
19688 521895
19711 527468
19734 546420
19757 557456
19780 559823
19803 551259
19826 539096
19849 526119
19872 511945
19895 510914
19918 528830
19941 527868
19964 522927
19987 517706
20010 516095
20033 513656
20056 493981
20079 484742
20102 490318
20125 490410
20148 497810
20171 502839
20194 520688
20217 547613
20240 554318
20263 560076
20286 556226
20309 557408
20332 561318
20355 561337
20378 566208
20401 565877
20424 554570
20447 544697
20470 526330
20493 510927
20516 504050
20539 502129
20562 492772
20585 483718
20608 473384
20631 464808
20654 455774
20677 457778
20700 455784
20723 455278
20746 460116
20769 465784
20792 463202
20815 457803
20838 462479
20861 462913
20884 455616
20907 445042
20930 429837
20953 429691
20976 435287
20999 446460
21022 437249
21045 418676
21068 410574
21091 395999
21114 395075
21137 400092
21160 395931
21183 393795
21206 381785
21229 379843
21252 371024
21275 368648
21298 368829
21321 366875
21344 362613
21367 354449
21390 352533
21413 349865
21436 350145
21459 349928
21482 352128
21505 338104
21528 331749
21551 332828
21574 334937
21597 339901
21620 324870
21643 323548
21666 328568
21689 327761
21712 330959
21735 328355
21758 326289
21781 327764
21804 317448
21827 321369
21850 312162
21873 319335
21896 314515
21919 315923
21942 319477
21965 308915
21988 309700
22011 309363
22034 316030
22057 317638
22080 309468
22103 304412
22126 299312
22149 303503
22172 301873
22195 294039
22218 293412
22241 292987
22264 298060
22287 304412
22310 294179
22333 289324
22356 281385
22379 285181
22402 289718
22425 281010
22448 277613
22471 279953
22494 280386
22517 281946
22540 275156
22563 275633
22586 272492
22609 273219
22632 274787
22655 269425
22678 266037
22701 269126
22724 269007
22747 265129
22770 261520
22793 272809
22816 266980
22839 261452
22862 256890
22885 255166
22908 265323
22931 257100
22954 250945
22977 258756
23000 253041
23023 251581
23046 254639
23069 248392
23092 246432
23115 252784
23138 246390
23161 240081
23184 249152
23207 240779
23230 242167
23253 242793
23276 237894
23299 237096
23322 232899
23345 235047
23368 233913
23391 231646
23414 233310
23437 229750
23460 226913
23483 231890
23506 230778
23529 224806
23552 226324
23575 222536
23598 226495
23621 225231
23644 223568
23667 224422
23690 221938
23713 219237
23736 221629
23759 222325
23782 219173
23805 223244
23828 216000
23851 210122
23874 216017
23897 214905
23920 213871
23943 209243
23966 208014
23989 209118
24012 209735
24035 209279
24058 207481
24081 211224
24104 207945
24127 204370
24150 204558
24173 202808
24196 207032
24219 200970
24242 202113
24265 206136
24288 205012
24311 205249
24334 209909
24357 209645
24380 213259
24403 215107
24426 221817
24449 230316
24472 226050
24495 223352
24518 230251
24541 234360
24564 245290
24587 266016
24610 274819
24633 278061
24656 287007
24679 289273
24702 277995
24725 265860
24748 262875
24771 260327
24794 268085
24817 279637
24840 282236
24863 295184
24886 291181
24909 292066
24932 295117
24955 299295
24978 299763
25001 302439
25024 298275
25047 291054
25070 298335
25093 314310
25116 327568
25139 330152
25162 320610
25185 315072
25208 316642
25231 318804
25254 339275
25277 358683
25300 384629
25323 395077
25346 377976
25369 365406
25392 352309
25415 342971
25438 351003
25461 352113
25484 358071
25507 371079
25530 373310
25553 377725
25576 378775
25599 375646
25622 373563
25645 371347
25668 368697
25691 353513
25714 346807
25737 357138
25760 372825
25783 394834
25806 401836
25829 390557
25852 376810
25875 372060
25898 367253
25921 365551
25944 374370
25967 367014
25990 365998
26013 368475
26036 377045
26059 383992
26082 371194
26105 357555
26128 366015
26151 375431
26174 382761
26197 405166
26220 407086
26243 401316
26266 400160
26289 404553
26312 407657
26335 414181
26358 430730
26381 430301
26404 416836
26427 408120
26450 417157
26473 419935
26496 421471
26519 423043
26542 428766
26565 434644
26588 432476
26611 427262
26634 421154
26657 420644
26680 418594
26703 419479
26726 423148
26749 426482
26772 424679
26795 420428
26818 424188
26841 427574
26864 419053
26887 412146
26910 412065
26933 417547
26956 416353
26979 421226
27002 419682
27025 420068
27048 409532
27071 396125
27094 397201
27117 399456
27140 404875
27163 408469
27186 414085
27209 409808
27232 395527
27255 390807
27278 394271
27301 401341
27324 405794
27347 394785
27370 380003
27393 375523
27416 385432
27439 382508
27462 384119
27485 389662
27508 381656
27531 379610
27554 386472
27577 385116
27600 385842
27623 375998
27646 378848
27669 390140
27692 401337
27715 403159
27738 382249
27761 361824
27784 360372
27807 369952
27830 371372
27853 356474
27876 359737
27899 367849
27922 375430
27945 366542
27968 359547
27991 367883
28014 379005
28037 374643
28060 361605
28083 350463
28106 347975
28129 358532
28152 358416
28175 346108
28198 343817
28221 354087
28244 357249
28267 346459
28290 350180
28313 351468
28336 358393
28359 344169
28382 343838
28405 341126
28428 350071
28451 339134
28474 334310
28497 339470
28520 348622
28543 334930
28566 329052
28589 332822
28612 341363
28635 327188
28658 334306
28681 336384
28704 330019
28727 328712
28750 319825
28773 328737
28796 331150
28819 321270
28842 326765
28865 328534
28888 323786
28911 321196
28934 321800
28957 331327
28980 317361
29003 319332
29026 326426
29049 326205
29072 325468
29095 319054
29118 308874
29141 319657
29164 320865
29187 317084
29210 312479
29233 314674
29256 319235
29279 309794
29302 307633
29325 312167
29348 303589
29371 304159
29394 309516
29417 303044
29440 304014
29463 303706
29486 298400
29509 300215
29532 298664
29555 297130
29578 302186
29601 295736
29624 293354
29647 298539
29670 294926
29693 293961
29716 295140
29739 293700
29762 290041
29785 291769
29808 292398
29831 289555
29854 287799
29877 287305
29900 290714
29923 288004
29946 285249
29969 289630
29992 286235
30015 281617
30038 287724
30061 287125
30084 285065
30107 285223
30130 285878
30153 288532
30176 284662
30199 284205
30222 283638
30245 280704
30268 280271
30291 282962
30314 279674
30337 281819
30360 285689
30383 279997
30406 281194
30429 279603
30452 283431
30475 284240
30498 288210
30521 290383
30544 297732
30567 303474
30590 307402
30613 319037
30636 319225
30659 317243
30682 321402
30705 322681
30728 322636
30751 331089
30774 328669
30797 320181
30820 313875
30843 307610
30866 306451
30889 302665
30912 302828
30935 306846
30958 305717
30981 311116
31004 311419
31027 310395
31050 313718
31073 317283
31096 318446
31119 320324
31142 306927
31165 303200
31188 302069
31211 304894
31234 309090
31257 314580
31280 314064
31303 318636
31326 316383
31349 315537
31372 316248
31395 321492
31418 325089
31441 327163
31464 322726
31487 312682
31510 308511
31533 299916
31556 294098
31579 296848
31602 299264
31625 310033
31648 314723
31671 310478
31694 304454
31717 292542
31740 289768
31763 287347
31786 288730
31809 291899
31832 297639
31855 301933
31878 299643
31901 296934
31924 289967
31947 280945
31970 279663
31993 283360
32016 278333
32039 284067
32062 292524
32085 286859
32108 291586
32131 287935
32154 282536
32177 282028
32200 282281
32223 273483
32246 279469
32269 290472
32292 298090
32315 301756
32338 298234
32361 293727
32384 291085
32407 287701
32430 293673
32453 299049
32476 301019
32499 302751
32522 302259
32545 292790
32568 288619
32591 288309
32614 287201
32637 281606
32660 284163
32683 284114
32706 281144
32729 279361
32752 282217
32775 281933
32798 276609
32821 275109
32844 274619
32867 267149
32890 258790
32913 254916
32936 247054
32959 248198
32982 249405
33005 251834
33028 254082
33051 252864
33074 253128
33097 249883
33120 246902
33143 242790
33166 240608
33189 240592
33212 244353
33235 246337
33258 243401
33281 238503
33304 237936
33327 234388
33350 231580
33373 233485
33396 230024
33419 224246
33442 225313
33465 226729
33488 222164
33511 219074
33534 222209
33557 218589
33580 212138
33603 220145
33626 221401
33649 213648
33672 207730
33695 205988
33718 200539
33741 201334
33764 204267
33787 207111
33810 201696
33833 199538
33856 198067
33879 195675
33902 202619
33925 201795
33948 198883
33971 198830
33994 197263
34017 192642
34040 193698
34063 193411
34086 194811
34109 189226
34132 191470
34155 193861
34178 185718
34201 185954
34224 185670
34247 178496
34270 178542
34293 182792
34316 177952
34339 177301
34362 178505
34385 178656
34408 176865
34431 171121
34454 176996
34477 174690
34500 169554
34523 178769
34546 175028
34569 171519
34592 172761
34615 171034
34638 170818
34661 170454
34684 170691
34707 169043
34730 168023
34753 169320
34776 168294
34799 163478
34822 164017
34845 167353
34868 164246
34891 162464
34914 161927
34937 166576
34960 161346
34983 159965
35006 162676
35029 160099
35052 160059
35075 155219
35098 157725
35121 158396
35144 157092
35167 158131
35190 151539
35213 155066
35236 157449
35259 155043
35282 152013
35305 151273
35328 150488
35351 152368
35374 150651
35397 150601
35420 148084
35443 150127
35466 148309
35489 148010
35512 150279
35535 142900
35558 147592
35581 147643
35604 144583
35627 145641
35650 144431
35673 144471
35696 140486
35719 145414
35742 141861
35765 140915
35788 143330
35811 141056
35834 142538
35857 140480
35880 137841
35903 144274
35926 136995
35949 139277
35972 141419
35995 135342
36018 137935
36041 135902
36064 133007
36087 137708
36110 134527
36133 131287
36156 134210
36179 132105
36202 132331
36225 132392
36248 131184
36271 131923
36294 130529
36317 131137
36340 131210
36363 129254
36386 131249
36409 131035
36432 126187
36455 130431
36478 130820
36501 126638
36524 127058
36547 128265
36570 128990
36593 132561
36616 135083
36639 134708
36662 140718
36685 151386
36708 157857
36731 168851
36754 179127
36777 173286
36800 179888
36823 193952
36846 197635
36869 204139
36892 192078
36915 187306
36938 183504
36961 175319
36984 183548
37007 184178
37030 183496
37053 197160
37076 206108
37099 213026
37122 215333
37145 209729
37168 203826
37191 201757
37214 210677
37237 218774
37260 218850
37283 223580
37306 229650
37329 228821
37352 230148
37375 225791
37398 225777
37421 237381
37444 238887
37467 240512
37490 237749
37513 241874
37536 242424
37559 236548
37582 233320
37605 237575
37628 231635
37651 233704
37674 237168
37697 235549
37720 247158
37743 248610
37766 244470
37789 239285
37812 230020
37835 224320
37858 233780
37881 247158
37904 258380
37927 261256
37950 260201
37973 258686
37996 250297
38019 242254
38042 244807
38065 252147
38088 255347
38111 260140
38134 250329
38157 243050
38180 247072
38203 249283
38226 256636
38249 263239
38272 265664
38295 266965
38318 266940
38341 268924
38364 264148
38387 268996
38410 275105
38433 276182
38456 279655
38479 279913
38502 263957
38525 256218
38548 258154
38571 261912
38594 271232
38617 282278
38640 277344
38663 273848
38686 275278
38709 274346
38732 285155
38755 287923
38778 276140
38801 270948
38824 276886
38847 281001
38870 290828
38893 288845
38916 281182
38939 284640
38962 284801
38985 281338
39008 276716
39031 272168
39054 264678
39077 260991
39100 258391
39123 261608
39146 273604
39169 274148
39192 259783
39215 263844
39238 264324
39261 267122
39284 267613
39307 257023
39330 250764
39353 254939
39376 258334
39399 263595
39422 266656
39445 262216
39468 248860
39491 261399
39514 263797
39537 256797
39560 259421
39583 252810
39606 251592
39629 246963
39652 248744
39675 242272
39698 240175
39721 247893
39744 243857
39767 243770
39790 244261
39813 244608
39836 247714
39859 256952
39882 259903
39905 246637
39928 234952
39951 228572
39974 235543
39997 241402
40020 232709
40043 232253
40066 228437
40089 232345
40112 237336
40135 235455
40158 231182
40181 229552
40204 229264
40227 223094
40250 226755
40273 227576
40296 222925
40319 222969
40342 229851
40365 227564
40388 232012
40411 229635
40434 223848
40457 228391
40480 230022
40503 228619
40526 228134
40549 216226
40572 211749
40595 213466
40618 215281
40641 213223
40664 210318
40687 217816
40710 215672
40733 215266
40756 219785
40779 213273
40802 210188
40825 212268
40848 213488
40871 210474
40894 213587
40917 212727
40940 212604
40963 210724
40986 203836
41009 203755
41032 208222
41055 209032
41078 206634
41101 203305
41124 195782
41147 203717
41170 205441
41193 201157
41216 198154
41239 198159
41262 211165
41285 202001
41308 193566
41331 195919
41354 190537
41377 201557
41400 193665
41423 187433
41446 197670
41469 196699
41492 192122
41515 192021
41538 189237
41561 197693
41584 188893
41607 187110
41630 190069
41653 188792
41676 189316
41699 185427
41722 184931
41745 193066
41768 185076
41791 184245
41814 184825
41837 180566
41860 185870
41883 179407
41906 178562
41929 187446
41952 181976
41975 178282
41998 177397
42021 180531
42044 183540
42067 177997
42090 176521
42113 176858
42136 180876
42159 177877
42182 174909
42205 177059
42228 178135
42251 175523
42274 175097
42297 175258
42320 175441
42343 174111
42366 169440
42389 174150
42412 172514
42435 172237
42458 169799
42481 172139
42504 173980
42527 167643
42550 172006
42573 172229
42596 169559
42619 170620
42642 168973
42665 166339
42688 172054
42711 168866
42734 165819
42757 175509
42780 178159
42803 172014
42826 172067
42849 179746
42872 193789
42895 212203
42918 232291
42941 254012
42964 270586
42987 260878
43010 236467
43033 210216
43056 194041
43079 188861
43102 177885
43125 175680
43148 189929
43171 192622
43194 205232
43217 220716
43240 223134
43263 224206
43286 213185
43309 201055
43332 204528
43355 194389
43378 192338
43401 197780
43424 203894
43447 208716
43470 209946
43493 201843
43516 209526
43539 204892
43562 200000
43585 203533
43608 200249
43631 194370
43654 195480
43677 191825
43700 198929
43723 197096
43746 191475
43769 193868
43792 197400
43815 188467
43838 188251
43861 191058
43884 188817
43907 191397
43930 193373
43953 190086
43976 194685
43999 190664
44022 190775
44045 202590
44068 201835
44091 196323
44114 192940
44137 184107
44160 177993
44183 178447
44206 174780
44229 182868
44252 188799
44275 190423
44298 192427
44321 195900
44344 192663
44367 190945
44390 190351
44413 189552
44436 187067
44459 189461
44482 186066
44505 191766
44528 191037
44551 185952
44574 186473
44597 186902
44620 177322
44643 180413
44666 186089
44689 183351
44712 184957
44735 183776
44758 184109
44781 184145
44804 177225
44827 178666
44850 184016
44873 184997
44896 183137
44919 185408
44942 185047
44965 178267
44988 179660
45011 177587
45034 181269
45057 177949
45080 175360
45103 177442
45126 174742
45149 172492
45172 173897
45195 174098
45218 172006
45241 171016
45264 162319
45287 158233
45310 156706
45333 153115
45356 152768
45379 161218
45402 159927
45425 155905
45448 157811
45471 153979
45494 149305
45517 148137
45540 150243
45563 149904
45586 147761
45609 148540
45632 149876
45655 148180
45678 147449
45701 145308
45724 147970
45747 145060
45770 143827
45793 147339
45816 143812
45839 142122
45862 140028
45885 140035
45908 142835
45931 141494
45954 138699
45977 140419
46000 139768
46023 136048
46046 136247
46069 140370
46092 136926
46115 138155
46138 140137
46161 138499
46184 135654
46207 135029
46230 133468
46253 136183
46276 136501
46299 132615
46322 133898
46345 134163
46368 128590
46391 126243
46414 129549
46437 130305
46460 126815
46483 126891
46506 128155
46529 121244
46552 125866
46575 126248
46598 124648
46621 127162
46644 122392
46667 120151
46690 123938
46713 124744
46736 124393
46759 123649
46782 124064
46805 118390
46828 117834
46851 124184
46874 117107
46897 113527
46920 120122
46943 112999
46966 112958
46989 116758
47012 108333
47035 113005
47058 112344
47081 108512
47104 113868
47127 113947
47150 108866
47173 109544
47196 113583
47219 108570
47242 109161
47265 110982
47288 108769
47311 108252
47334 104689
47357 108429
47380 108145
47403 104812
47426 108139
47449 108242
47472 105365
47495 107600
47518 104652
47541 105345
47564 105180
47587 102834
47610 107281
47633 104036
47656 102657
47679 103669
47702 101309
47725 104390
47748 102357
47771 101275
47794 104113
47817 101515
47840 99148.2
47863 103045
47886 101605
47909 98695
47932 100984
47955 98395.2
