0 3.88319e+07
31 3.88319e+07
62 3.88319e+07
93 3.88319e+07
124 3.88319e+07
155 3.88319e+07
186 3.88319e+07
217 3.88319e+07
248 3.88319e+07
279 3.88319e+07
310 3.88319e+07
341 3.88319e+07
372 3.88319e+07
403 3.88319e+07
434 3.88319e+07
465 3.88319e+07
496 3.88319e+07
527 3.88319e+07
558 3.88319e+07
589 3.88319e+07
620 3.88319e+07
651 3.88319e+07
682 3.88319e+07
713 3.88319e+07
744 3.88319e+07
775 3.88319e+07
806 3.88319e+07
837 3.88319e+07
868 3.88319e+07
899 3.88319e+07
930 3.88319e+07
961 3.88319e+07
992 3.88319e+07
1023 3.88319e+07
1054 3.88319e+07
1085 3.88319e+07
1116 3.88319e+07
1147 3.88319e+07
1178 3.88319e+07
1209 3.88319e+07
1240 3.88319e+07
1271 3.88319e+07
1302 3.88319e+07
1333 3.88319e+07
1364 3.88319e+07
1395 3.88319e+07
1426 3.88319e+07
1457 3.88319e+07
1488 3.88319e+07
1519 3.88319e+07
1550 3.88319e+07
1581 3.88319e+07
1612 3.88319e+07
1643 3.88319e+07
1674 3.88319e+07
1705 3.88319e+07
1736 3.88319e+07
1767 3.88319e+07
1798 3.88319e+07
1829 3.88319e+07
1860 3.88319e+07
1891 3.88319e+07
1922 3.88319e+07
1953 3.88319e+07
1984 3.88319e+07
2015 3.88319e+07
2046 3.88319e+07
2077 3.88319e+07
2108 3.88319e+07
2139 3.88319e+07
2170 3.88319e+07
2201 3.88319e+07
2232 3.88319e+07
2263 3.88319e+07
2294 3.88319e+07
2325 3.88319e+07
2356 3.88319e+07
2387 3.88319e+07
2418 3.88319e+07
2449 3.88319e+07
2480 3.88319e+07
2511 3.88319e+07
2542 3.88319e+07
2573 3.88319e+07
2604 3.88319e+07
2635 3.88319e+07
2666 3.88319e+07
2697 3.88319e+07
2728 3.88319e+07
2759 3.88319e+07
2790 3.88319e+07
2821 3.88319e+07
2852 3.88319e+07
2883 3.88319e+07
2914 3.88319e+07
2945 3.88319e+07
2976 3.88319e+07
3007 3.88319e+07
3038 3.88319e+07
3069 3.88319e+07
3100 3.88319e+07
3131 3.88319e+07
3162 3.88319e+07
3193 3.88319e+07
3224 3.88319e+07
3255 3.88319e+07
3286 3.88319e+07
3317 3.88319e+07
3348 3.88319e+07
3379 3.88319e+07
3410 3.88319e+07
3441 3.88319e+07
3472 3.88319e+07
3503 3.88319e+07
3534 3.88319e+07
3565 3.88319e+07
3596 3.88319e+07
3627 3.88319e+07
3658 3.88319e+07
3689 3.88319e+07
3720 3.88318e+07
3751 3.88316e+07
3782 3.88308e+07
3813 3.88291e+07
3844 3.88265e+07
3875 3.88225e+07
3906 3.88165e+07
3937 3.88084e+07
3968 3.87982e+07
3999 3.87848e+07
4030 3.87652e+07
4061 3.87346e+07
4092 3.86928e+07
4123 3.86469e+07
4154 3.86038e+07
4185 3.85592e+07
4216 3.85114e+07
4247 3.84674e+07
4278 3.84323e+07
4309 3.84021e+07
4340 3.83639e+07
4371 3.83112e+07
4402 3.82408e+07
4433 3.8146e+07
4464 3.8025e+07
4495 3.78669e+07
4526 3.76512e+07
4557 3.73586e+07
4588 3.69717e+07
4619 3.64783e+07
4650 3.58715e+07
4681 3.52072e+07
4712 3.45793e+07
4743 3.40053e+07
4774 3.34656e+07
4805 3.29813e+07
4836 3.25781e+07
4867 3.22389e+07
4898 3.19665e+07
4929 3.17877e+07
4960 3.16714e+07
4991 3.1576e+07
5022 3.14873e+07
5053 3.13806e+07
5084 3.1217e+07
5115 3.09951e+07
5146 3.0755e+07
5177 3.05448e+07
5208 3.03945e+07
5239 3.03078e+07
5270 3.02753e+07
5301 3.02835e+07
5332 3.0301e+07
5363 3.02873e+07
5394 3.02216e+07
5425 3.01022e+07
5456 2.99535e+07
5487 2.98151e+07
5518 2.97398e+07
5549 2.97267e+07
5580 2.97153e+07
5611 2.97115e+07
5642 2.95318e+07
5673 2.90857e+07
5704 2.85662e+07
5735 2.79862e+07
5766 2.74361e+07
5797 2.69467e+07
5828 2.65164e+07
5859 2.61154e+07
5890 2.56919e+07
5921 2.52894e+07
5952 2.49039e+07
5983 2.45347e+07
6014 2.42533e+07
6045 2.40606e+07
6076 2.38754e+07
6107 2.36676e+07
6138 2.3472e+07
6169 2.32778e+07
6200 2.31062e+07
6231 2.30278e+07
6262 2.3034e+07
6293 2.31305e+07
6324 2.33242e+07
6355 2.35157e+07
6386 2.36234e+07
6417 2.36987e+07
6448 2.37017e+07
6479 2.36512e+07
6510 2.35783e+07
6541 2.3496e+07
6572 2.33631e+07
6603 2.31184e+07
6634 2.28347e+07
6665 2.25985e+07
6696 2.24228e+07
6727 2.23065e+07
6758 2.23156e+07
6789 2.24507e+07
6820 2.26699e+07
6851 2.29038e+07
6882 2.31777e+07
6913 2.34461e+07
6944 2.36622e+07
6975 2.38624e+07
7006 2.40597e+07
7037 2.41207e+07
7068 2.40029e+07
7099 2.37843e+07
7130 2.35248e+07
7161 2.3325e+07
7192 2.32123e+07
7223 2.31767e+07
7254 2.32063e+07
7285 2.32214e+07
7316 2.32119e+07
7347 2.31574e+07
7378 2.31228e+07
7409 2.30839e+07
7440 2.29122e+07
7471 2.26354e+07
7502 2.23765e+07
7533 2.22129e+07
7564 2.21784e+07
7595 2.22006e+07
7626 2.22683e+07
7657 2.24251e+07
7688 2.26132e+07
7719 2.27643e+07
7750 2.28818e+07
7781 2.2962e+07
7812 2.29658e+07
7843 2.29256e+07
7874 2.28658e+07
7905 2.27508e+07
7936 2.26724e+07
7967 2.26439e+07
7998 2.2606e+07
8029 2.25141e+07
8060 2.24367e+07
8091 2.23469e+07
8122 2.22872e+07
8153 2.22838e+07
8184 2.23219e+07
8215 2.23555e+07
8246 2.23988e+07
8277 2.24876e+07
8308 2.26046e+07
8339 2.27136e+07
8370 2.27808e+07
8401 2.28224e+07
8432 2.2881e+07
8463 2.29697e+07
8494 2.30906e+07
8525 2.33103e+07
8556 2.35384e+07
8587 2.36964e+07
8618 2.37927e+07
8649 2.38407e+07
8680 2.38399e+07
8711 2.38986e+07
8742 2.40094e+07
8773 2.4153e+07
8804 2.43059e+07
8835 2.44325e+07
8866 2.44828e+07
8897 2.44536e+07
8928 2.43767e+07
8959 2.43044e+07
8990 2.43512e+07
9021 2.44501e+07
9052 2.45543e+07
9083 2.4603e+07
9114 2.46092e+07
9145 2.46343e+07
9176 2.47469e+07
9207 2.49452e+07
9238 2.51552e+07
9269 2.53472e+07
9300 2.54269e+07
9331 2.52902e+07
9362 2.51338e+07
9393 2.49977e+07
9424 2.49251e+07
9455 2.49284e+07
9486 2.49198e+07
9517 2.49232e+07
9548 2.48872e+07
9579 2.48529e+07
9610 2.48571e+07
9641 2.48694e+07
9672 2.48475e+07
9703 2.47903e+07
9734 2.47073e+07
9765 2.45879e+07
9796 2.44579e+07
9827 2.43738e+07
9858 2.43313e+07
9889 2.42918e+07
9920 2.4262e+07
9951 2.42523e+07
9982 2.42685e+07
10013 2.42954e+07
10044 2.43156e+07
10075 2.43479e+07
10106 2.43807e+07
10137 2.43939e+07
10168 2.44373e+07
10199 2.4509e+07
10230 2.45775e+07
10261 2.46647e+07
10292 2.47493e+07
10323 2.47834e+07
10354 2.48166e+07
10385 2.4856e+07
10416 2.48073e+07
10447 2.475e+07
10478 2.47036e+07
10509 2.46267e+07
10540 2.45052e+07
10571 2.4386e+07
10602 2.42476e+07
10633 2.4114e+07
10664 2.39883e+07
10695 2.38341e+07
10726 2.37099e+07
10757 2.36478e+07
10788 2.36147e+07
10819 2.35777e+07
10850 2.35608e+07
10881 2.35632e+07
10912 2.35622e+07
10943 2.35549e+07
10974 2.35305e+07
11005 2.34965e+07
11036 2.34656e+07
11067 2.34281e+07
11098 2.34033e+07
11129 2.33837e+07
11160 2.33676e+07
11191 2.3352e+07
11222 2.33304e+07
11253 2.33046e+07
11284 2.33037e+07
11315 2.3301e+07
11346 2.32945e+07
11377 2.32883e+07
11408 2.32865e+07
11439 2.32828e+07
11470 2.32992e+07
11501 2.33351e+07
11532 2.33561e+07
11563 2.33642e+07
11594 2.33565e+07
11625 2.33424e+07
11656 2.33574e+07
11687 2.33957e+07
11718 2.34363e+07
11749 2.34771e+07
11780 2.35089e+07
11811 2.3527e+07
11842 2.35476e+07
11873 2.35752e+07
11904 2.36139e+07
11935 2.36668e+07
11966 2.36922e+07
11997 2.37007e+07
12028 2.37266e+07
12059 2.37694e+07
12090 2.38395e+07
12121 2.39085e+07
12152 2.39383e+07
12183 2.3937e+07
12214 2.39322e+07
12245 2.3916e+07
12276 2.3838e+07
12307 2.36891e+07
12338 2.35145e+07
12369 2.33414e+07
12400 2.31757e+07
12431 2.30107e+07
12462 2.28485e+07
12493 2.27006e+07
12524 2.25397e+07
12555 2.23673e+07
12586 2.22036e+07
12617 2.20199e+07
12648 2.1807e+07
12679 2.15447e+07
12710 2.12287e+07
12741 2.08836e+07
12772 2.05217e+07
12803 2.01637e+07
12834 1.97965e+07
12865 1.94104e+07
12896 1.90043e+07
12927 1.79763e+07
12958 1.77017e+07
12989 1.76825e+07
13020 1.76835e+07
13051 1.76664e+07
13082 1.76284e+07
13113 1.75722e+07
13144 1.7509e+07
13175 1.74548e+07
13206 1.74352e+07
13237 1.73986e+07
13268 1.73399e+07
13299 1.7249e+07
13330 1.71226e+07
13361 1.69669e+07
13392 1.67796e+07
13423 1.65422e+07
13454 1.62157e+07
13485 1.57959e+07
13516 1.53156e+07
13547 1.483e+07
13578 1.43033e+07
13609 1.40651e+07
13640 1.39008e+07
13671 1.37456e+07
13702 1.35697e+07
13733 1.33729e+07
13764 1.31796e+07
13795 1.29794e+07
13826 1.27719e+07
13857 1.25292e+07
13888 1.22258e+07
13919 1.19319e+07
13950 1.16236e+07
13981 1.13005e+07
14012 1.09805e+07
14043 1.06693e+07
14074 1.03812e+07
14105 1.01639e+07
14136 9.93129e+06
14167 9.67538e+06
14198 9.39214e+06
14229 9.24819e+06
14260 9.12607e+06
14291 8.99936e+06
14322 8.84774e+06
14353 8.67371e+06
14384 8.47282e+06
14415 8.26594e+06
14446 8.09327e+06
14477 7.94103e+06
14508 7.7922e+06
14539 7.61546e+06
14570 7.41476e+06
14601 7.18087e+06
14632 6.90789e+06
14663 6.76091e+06
14694 6.6456e+06
14725 6.49786e+06
14756 6.33215e+06
14787 6.1742e+06
14818 6.03369e+06
14849 5.89768e+06
14880 5.75211e+06
14911 5.58011e+06
14942 5.35759e+06
14973 5.12637e+06
15004 5.05938e+06
15035 4.99579e+06
15066 4.93356e+06
15097 4.91408e+06
15128 4.90655e+06
15159 4.85656e+06
15190 4.77997e+06
15221 4.69732e+06
15252 4.62589e+06
15283 4.56273e+06
15314 4.54686e+06
15345 4.54393e+06
15376 4.51526e+06
15407 4.47089e+06
15438 4.42735e+06
15469 4.35785e+06
15500 4.27223e+06
15531 4.20198e+06
15562 4.15497e+06
15593 4.12629e+06
15624 4.09546e+06
15655 4.0751e+06
15686 4.04807e+06
15717 3.99841e+06
15748 3.96042e+06
15779 3.9448e+06
15810 3.93058e+06
15841 3.89133e+06
15872 3.84447e+06
15903 3.82432e+06
15934 3.80015e+06
15965 3.79841e+06
15996 3.79676e+06
16027 3.78353e+06
16058 3.76313e+06
16089 3.72625e+06
16120 3.6902e+06
16151 3.65893e+06
16182 3.63444e+06
16213 3.62109e+06
16244 3.62259e+06
16275 3.63757e+06
16306 3.66885e+06
16337 3.68978e+06
16368 3.68261e+06
16399 3.65272e+06
16430 3.6334e+06
16461 3.61377e+06
16492 3.57506e+06
16523 3.54969e+06
16554 3.47301e+06
16585 3.35272e+06
16616 3.27026e+06
16647 3.18618e+06
16678 3.10798e+06
16709 3.03998e+06
16740 2.96535e+06
16771 2.91929e+06
16802 2.88511e+06
16833 2.82875e+06
16864 2.79179e+06
16895 2.76871e+06
16926 2.75883e+06
16957 2.75139e+06
16988 2.72219e+06
17019 2.67744e+06
17050 2.64749e+06
17081 2.62409e+06
17112 2.60948e+06
17143 2.60231e+06
17174 2.59951e+06
17205 2.58399e+06
17236 2.55687e+06
17267 2.52692e+06
17298 2.4989e+06
17329 2.48221e+06
17360 2.45814e+06
17391 2.42178e+06
17422 2.41543e+06
17453 2.38088e+06
17484 2.33395e+06
17515 2.30699e+06
17546 2.29759e+06
17577 2.29708e+06
17608 2.30243e+06
17639 2.30735e+06
17670 2.30141e+06
17701 2.2898e+06
17732 2.28217e+06
17763 2.28314e+06
17794 2.2964e+06
17825 2.29503e+06
17856 2.27316e+06
17887 2.24274e+06
17918 2.21947e+06
17949 2.20418e+06
17980 2.20595e+06
18011 2.22606e+06
18042 2.25329e+06
18073 2.27266e+06
18104 2.28098e+06
18135 2.29257e+06
18166 2.31413e+06
18197 2.35089e+06
18228 2.40076e+06
18259 2.44524e+06
18290 2.46999e+06
18321 2.48582e+06
18352 2.4985e+06
18383 2.50781e+06
18414 2.51522e+06
18445 2.51789e+06
18476 2.50794e+06
18507 2.48435e+06
18538 2.45266e+06
18569 2.4251e+06
18600 2.4044e+06
18631 2.39209e+06
18662 2.38376e+06
18693 2.37043e+06
18724 2.35256e+06
18755 2.33496e+06
18786 2.33071e+06
18817 2.33651e+06
18848 2.34458e+06
18879 2.35243e+06
18910 2.35571e+06
18941 2.3497e+06
18972 2.34839e+06
19003 2.36118e+06
19034 2.39349e+06
19065 2.43198e+06
19096 2.46371e+06
19127 2.49375e+06
19158 2.52036e+06
19189 2.54679e+06
19220 2.58404e+06
19251 2.63798e+06
19282 2.70108e+06
19313 2.7565e+06
19344 2.80119e+06
19375 2.83522e+06
19406 2.85946e+06
19437 2.87542e+06
19468 2.88787e+06
19499 2.89191e+06
19530 2.89257e+06
19561 2.89179e+06
19592 2.88463e+06
19623 2.87873e+06
19654 2.87083e+06
19685 2.85704e+06
19716 2.84656e+06
19747 2.84404e+06
19778 2.84507e+06
19809 2.83715e+06
19840 2.82724e+06
19871 2.82028e+06
19902 2.80728e+06
19933 2.78828e+06
19964 2.76591e+06
19995 2.73453e+06
20026 2.68537e+06
20057 2.61587e+06
20088 2.53451e+06
20119 2.45629e+06
20150 2.39483e+06
20181 2.34142e+06
20212 2.28689e+06
20243 2.22883e+06
20274 2.17293e+06
20305 2.1249e+06
20336 2.08892e+06
20367 2.06963e+06
20398 2.06723e+06
20429 2.06957e+06
20460 2.06223e+06
20491 2.04301e+06
20522 2.01857e+06
20553 1.99597e+06
20584 1.98264e+06
20615 1.98135e+06
20646 1.98458e+06
20677 1.98132e+06
20708 1.96945e+06
20739 1.96313e+06
20770 1.97391e+06
20801 2.00041e+06
20832 2.03045e+06
20863 2.04882e+06
20894 2.05013e+06
20925 2.04025e+06
20956 2.03293e+06
20987 2.03872e+06
21018 2.0601e+06
21049 2.08619e+06
21080 2.10308e+06
21111 2.11924e+06
21142 2.13594e+06
21173 2.15443e+06
21204 2.18025e+06
21235 2.2206e+06
21266 2.27616e+06
21297 2.33252e+06
21328 2.38377e+06
21359 2.43242e+06
21390 2.47668e+06
21421 2.52139e+06
21452 2.56512e+06
21483 2.59936e+06
21514 2.62111e+06
21545 2.62827e+06
21576 2.62362e+06
21607 2.61875e+06
21638 2.61575e+06
21669 2.61384e+06
21700 2.61177e+06
21731 2.6016e+06
21762 2.57827e+06
21793 2.54014e+06
21824 2.49713e+06
21855 2.46144e+06
21886 2.43538e+06
21917 2.41614e+06
21948 2.39711e+06
21979 2.37524e+06
22010 2.35349e+06
22041 2.33893e+06
22072 2.33257e+06
22103 2.33353e+06
22134 2.33535e+06
22165 2.33571e+06
22196 2.33284e+06
22227 2.32726e+06
22258 2.32625e+06
22289 2.33324e+06
22320 2.3469e+06
22351 2.36874e+06
22382 2.39723e+06
22413 2.42615e+06
22444 2.45207e+06
22475 2.47483e+06
22506 2.49465e+06
22537 2.51186e+06
22568 2.52156e+06
22599 2.51656e+06
22630 2.4894e+06
22661 2.44901e+06
22692 2.40486e+06
22723 2.36495e+06
22754 2.33256e+06
22785 2.30455e+06
22816 2.28116e+06
22847 2.25701e+06
22878 2.23339e+06
22909 2.21513e+06
22940 2.20972e+06
22971 2.21973e+06
23002 2.23628e+06
23033 2.25281e+06
23064 2.26466e+06
23095 2.27312e+06
23126 2.28382e+06
23157 2.3036e+06
23188 2.33343e+06
23219 2.36635e+06
23250 2.3965e+06
23281 2.41769e+06
23312 2.43448e+06
23343 2.45438e+06
23374 2.48289e+06
23405 2.5138e+06
23436 2.54525e+06
23467 2.56895e+06
23498 2.58146e+06
23529 2.58636e+06
23560 2.58733e+06
23591 2.59018e+06
23622 2.5935e+06
23653 2.59763e+06
23684 2.59386e+06
23715 2.57625e+06
23746 2.54978e+06
23777 2.52647e+06
23808 2.5054e+06
23839 2.48344e+06
23870 2.4651e+06
23901 2.44844e+06
23932 2.42569e+06
23963 2.39578e+06
23994 2.36665e+06
24025 2.34457e+06
24056 2.32869e+06
24087 2.31466e+06
24118 2.30511e+06
24149 2.29305e+06
24180 2.27917e+06
24211 2.2699e+06
24242 2.27466e+06
24273 2.29615e+06
24304 2.32594e+06
24335 2.35554e+06
24366 2.38044e+06
24397 2.40593e+06
24428 2.439e+06
24459 2.48474e+06
24490 2.54403e+06
24521 2.60979e+06
24552 2.67136e+06
24583 2.71112e+06
24614 2.7315e+06
24645 2.74753e+06
24676 2.76207e+06
24707 2.7743e+06
24738 2.78177e+06
24769 2.78065e+06
24800 2.76552e+06
24831 2.7403e+06
24862 2.7152e+06
24893 2.69927e+06
24924 2.69105e+06
24955 2.67854e+06
24986 2.65764e+06
25017 2.63111e+06
25048 2.60257e+06
25079 2.57411e+06
25110 2.55472e+06
25141 2.54581e+06
25172 2.53835e+06
25203 2.52217e+06
25234 2.49557e+06
25265 2.46835e+06
25296 2.4423e+06
25327 2.42034e+06
25358 2.4065e+06
25389 2.40094e+06
25420 2.40115e+06
25451 2.40062e+06
25482 2.40077e+06
25513 2.40852e+06
25544 2.42347e+06
25575 2.44191e+06
25606 2.45372e+06
25637 2.45003e+06
25668 2.42464e+06
25699 2.37373e+06
25730 2.30637e+06
25761 2.23833e+06
25792 2.17918e+06
25823 2.12981e+06
25854 2.08625e+06
25885 2.04631e+06
25916 2.01154e+06
25947 1.9868e+06
25978 1.97499e+06
26009 1.97928e+06
26040 1.99489e+06
26071 2.00609e+06
26102 2.00895e+06
26133 2.00866e+06
26164 2.01222e+06
26195 2.0268e+06
26226 2.04999e+06
26257 2.0738e+06
26288 2.09213e+06
26319 2.10113e+06
26350 2.10898e+06
26381 2.12009e+06
26412 2.13415e+06
26443 2.15148e+06
26474 2.16922e+06
26505 2.18175e+06
26536 2.18202e+06
26567 2.16962e+06
26598 2.14893e+06
26629 2.12849e+06
26660 2.11125e+06
26691 2.10098e+06
26722 2.09653e+06
26753 2.09343e+06
26784 2.09187e+06
26815 2.09322e+06
26846 2.09889e+06
26877 2.1108e+06
26908 2.12717e+06
26939 2.14265e+06
26970 2.15347e+06
27001 2.16069e+06
27032 2.17083e+06
27063 2.18869e+06
27094 2.21354e+06
27125 2.24042e+06
27156 2.26406e+06
27187 2.27653e+06
27218 2.27532e+06
27249 2.26603e+06
27280 2.25316e+06
27311 2.23664e+06
27342 2.21385e+06
27373 2.18293e+06
27404 2.14409e+06
27435 2.10067e+06
27466 2.05947e+06
27497 2.02823e+06
27528 2.01031e+06
27559 2.00383e+06
27590 2.00522e+06
27621 2.01446e+06
27652 2.03051e+06
27683 2.05142e+06
27714 2.07599e+06
27745 2.10543e+06
27776 2.13655e+06
27807 2.16331e+06
27838 2.18146e+06
27869 2.1874e+06
27900 2.18802e+06
27931 2.18714e+06
27962 2.18286e+06
27993 2.17913e+06
28024 2.17381e+06
28055 2.15847e+06
28086 2.1315e+06
28117 2.0993e+06
28148 2.06937e+06
28179 2.04026e+06
28210 2.01545e+06
28241 1.9917e+06
28272 1.96446e+06
28303 1.93285e+06
28334 1.90199e+06
28365 1.88236e+06
28396 1.87631e+06
28427 1.87816e+06
28458 1.87996e+06
28489 1.87912e+06
28520 1.87955e+06
28551 1.88741e+06
28582 1.90445e+06
28613 1.93187e+06
28644 1.96472e+06
28675 1.99848e+06
28706 2.03134e+06
28737 2.06563e+06
28768 2.10398e+06
28799 2.14592e+06
28830 2.1837e+06
28861 2.20854e+06
28892 2.21695e+06
28923 2.2109e+06
28954 2.19464e+06
28985 2.17933e+06
29016 2.1712e+06
29047 2.16814e+06
29078 2.16738e+06
29109 2.16724e+06
29140 2.16788e+06
29171 2.1701e+06
29202 2.17961e+06
29233 2.19675e+06
29264 2.2164e+06
29295 2.23377e+06
29326 2.2489e+06
29357 2.26631e+06
29388 2.28795e+06
29419 2.31399e+06
29450 2.34704e+06
29481 2.38662e+06
29512 2.4256e+06
29543 2.45955e+06
29574 2.48892e+06
29605 2.51952e+06
29636 2.55193e+06
29667 2.58666e+06
29698 2.62115e+06
29729 2.65301e+06
29760 2.67839e+06
29791 2.6988e+06
29822 2.7198e+06
29853 2.74657e+06
29884 2.77584e+06
29915 2.80098e+06
29946 2.8181e+06
29977 2.82591e+06
30008 2.82614e+06
30039 2.82412e+06
30070 2.82649e+06
30101 2.83473e+06
30132 2.84168e+06
30163 2.84477e+06
30194 2.84754e+06
30225 2.85319e+06
30256 2.86132e+06
30287 2.8719e+06
30318 2.88435e+06
30349 2.89737e+06
30380 2.90527e+06
30411 2.90164e+06
30442 2.88807e+06
30473 2.86921e+06
30504 2.84787e+06
30535 2.82856e+06
30566 2.81403e+06
30597 2.80431e+06
30628 2.79681e+06
30659 2.7907e+06
30690 2.79092e+06
30721 2.7976e+06
30752 2.81021e+06
30783 2.82606e+06
30814 2.84246e+06
30845 2.85449e+06
30876 2.86148e+06
30907 2.86451e+06
30938 2.86489e+06
30969 2.86495e+06
31000 2.86432e+06
31031 2.85769e+06
31062 2.84206e+06
31093 2.81728e+06
31124 2.78566e+06
31155 2.74391e+06
31186 2.69589e+06
31217 2.64536e+06
31248 2.58639e+06
31279 2.51606e+06
31310 2.43552e+06
31341 2.35041e+06
31372 2.2674e+06
31403 2.18983e+06
31434 2.1192e+06
31465 2.05636e+06
31496 1.99992e+06
31527 1.95004e+06
31558 1.9062e+06
31589 1.86762e+06
31620 1.83409e+06
31651 1.80521e+06
31682 1.7814e+06
31713 1.76045e+06
31744 1.73974e+06
31775 1.71995e+06
31806 1.70312e+06
31837 1.69384e+06
31868 1.69381e+06
31899 1.69941e+06
31930 1.70716e+06
31961 1.71793e+06
